"CAVS_CODE","CAAB_CODE","NAMES_VARIOUS","SCIENTIFIC_NAME","FAMILY","GENUS","SUBGENUS","SPECIES","SUBSPECIES","NAME_TYPE","NAME_SUBTYPE","RANK","QUALIFICATION","AUTHOR","YEAR","ORIG_COMBINATION","NAME_GUID","NAME_LAST_UPDATE","TAXON_GUID","TAXON_LAST_UPDATE","PARENT_TAXON_GUID","CONCEPT_GUID","PUB_PUB_AUTHOR","PUB_PUB_YEAR","PUB_PUB_TITLE","PUB_PUB_PAGES","PUB_PUB_PARENT_BOOK_TITLE","PUB_PUB_PARENT_JOURNAL_TITLE","PUB_PUB_PARENT_ARTICLE_TITLE","PUB_PUB_PUBLICATION_DATE","PUB_PUB_PUBLISHER","PUB_PUB_FORMATTED","PUB_PUB_QUALIFICATION","PUB_PUB_TYPE","PUBLICATION_GUID","PUBLICATION_LAST_UPDATE","PARENT_PUBLICATION_GUID"
"","","CROCODYLIA","CROCODYLIA","","","","","","Valid Name","","Order","","","","Y","10bc56fb-ccfd-47ea-ba7c-bcabae951e62","20100805T01:02:23.826+0000","5da3c5f0-8f2f-4a83-8460-de7dac78d957","20110307T23:25:53.052+0000","33a184da-8c74-431a-bb83-89c1d2b54c1c","5da3c5f0-8f2f-4a83-8460-de7dac78d957","","","","","","","","","","","","","","",""
"","","CROCODYLIDAE","CROCODYLIDAE","CROCODYLIDAE","","","","","Valid Name","","Family","","","","Y","662b0fce-5a10-41ef-a75d-b4dd93f52655","20201127T02:19:41.698+0000","1f949e0d-2625-4d3c-a55c-8c07ee940d6f","20201127T02:19:42.167+0000","5da3c5f0-8f2f-4a83-8460-de7dac78d957","1f949e0d-2625-4d3c-a55c-8c07ee940d6f","","","","","","","","","","","","","","",""
"","","Crocodylus","Crocodylus Laurenti, 1768","CROCODYLIDAE","Crocodylus","","","","Valid Name","","Genus","","Laurenti","1768","Y","0074843c-b0fa-4d3f-99e8-5dc09d6e93f6","20170301T04:55:57.439+0000","dd789818-2f5b-4cd2-a5f8-a872dd57c3a9","20170301T04:55:57.439+0000","1f949e0d-2625-4d3c-a55c-8c07ee940d6f","dd789818-2f5b-4cd2-a5f8-a872dd57c3a9","","","","","","","","","","","","","","",""
"","","Crocodylus","Crocodylus Gronovius, 1763","","Crocodylus","","","","Synonym","synonym","Genus","<I>nom. nud.</I>, Gronovius work rejected for nomenclatural purposes under the international Commission on Zoological Nomenclature Opinion 89, 1925","Gronovius","1763","Y","6757977f-857a-40f0-954d-f03a5ad64059","20101020T05:32:48.722+0000","dd789818-2f5b-4cd2-a5f8-a872dd57c3a9","20170301T04:55:57.439+0000","","0c110a10-79fd-4b86-b2ee-719d761d80d0","Gronovius, L.T.","1763","Zoophylacium Gronovarium, <i>exhibens animalia Quadrupeda, Amphibia atque Pisces, quae in museo suo adservavit</i>","","","","","","T. Haak","<!--MARK--><a href='null25edf108-07c2-44bf-a1f5-71ebe90bf18e' class='mouseoverHref'>Gronovius, L.T. 1763. <em>Zoophylacium Gronovarium, <i>exhibens animalia Quadrupeda, Amphibia atque Pisces, quae in museo suo adservavit</i></em>. Lugduno-Batavia : T. Haak Vol. 1.</a><!--MARK-->","","Book","25edf108-07c2-44bf-a1f5-71ebe90bf18e","20081009T05:11:37.000+0000",""
"","","Crocodylus","Crocodylus Laurenti, 1768","","Crocodylus","","","","Synonym","synonym","Genus","","Laurenti","1768","Y","bd491d80-b7fc-49c3-899b-dbcefd79ce9f","20100805T01:02:23.826+0000","dd789818-2f5b-4cd2-a5f8-a872dd57c3a9","20170301T04:55:57.439+0000","","6672a3a6-b56d-4202-9b4e-81e97fe0a989","Laurenti, J.N.","1768","Synopsin Reptilium","214 pp.","","","","","J. Thomae","<!--MARK--><a href='null58482cb6-81e6-4a32-af7c-613ad2cfa031' class='mouseoverHref'>Laurenti, J.N. 1768. <em>Synopsin Reptilium</em>. Vienna : J. Thomae 214 pp.</a><!--MARK-->","","Book","58482cb6-81e6-4a32-af7c-613ad2cfa031","20081009T05:11:37.000+0000",""
"","","Crocodillus","Crocodillus Scopoli, 1777","","Crocodillus","","","","Synonym","synonym","Genus","for <I>Crocodylus </I>or <I>Crocodilus </I>Bertrand, 1763 (based on fossil material)","Scopoli","1777","Y","04c8def1-b6ee-4bb4-8390-90f5b058918e","20100805T01:02:23.826+0000","dd789818-2f5b-4cd2-a5f8-a872dd57c3a9","20170301T04:55:57.439+0000","","692e310e-57cd-4567-bbb8-9ddb2400624c","Scopoli, G.A.","1777","Introductio ad Historiam Naturalem, sistens genera lapidum, plantarum et animalium hactenus detecta, caracteribus essentialibus donata, in tribus divisa, subinde ad leges naturae","506","","","","","Wolfgangus Gerle","<!--MARK--><a href='null15858d47-4a52-425d-8fb4-e42c6a64ebf0' class='mouseoverHref'>Scopoli, G.A. 1777. <em>Introductio ad Historiam Naturalem, sistens genera lapidum, plantarum et animalium hactenus detecta, caracteribus essentialibus donata, in tribus divisa, subinde ad leges naturae</em>. Prague : Wolfgangus Gerle 506 pp.</a><!--MARK-->","","Book","15858d47-4a52-425d-8fb4-e42c6a64ebf0","20110104T02:45:43.487+0000",""
"","","Crocodilus","Crocodilus Gmelin, 1789","","Crocodilus","","","","Synonym","synonym","Genus","replacement name for <I>Crocodylus </I>Laurenti, 1768 see Wermuth, H. & Mertens, R. 1977. Liste der rezenten Amphibien und Reptilien; Testudines, Crocodylia, Rhynchocephalia. <em>Das Tierreich</em> <strong>100</strong>: i-xxvii, 1-174","Gmelin","1789","Y","101c6139-03c6-4f4e-9a93-5455f36e3dbe","20100805T01:02:23.826+0000","dd789818-2f5b-4cd2-a5f8-a872dd57c3a9","20170301T04:55:57.439+0000","","6bb611c9-238c-4cf3-9f69-abafa3472e2f","Gmelin, J.F.","1789","Amphibia, Pisces. <i>In</i> Linnaeus, C. <i>Systema Naturae</i> in quo naturae regna tria, secundum classes, ordines, genera, species, systematice proponuntur","1033-1516","","","","","","<!--MARK--><a href='null3cce8ba5-8ff3-4f61-bf1f-9116613c933c' class='mouseoverHref'>Gmelin, J.F. 1789. Amphibia, Pisces. <i>In</i> Linnaeus, C. <i>Systema Naturae</i> in quo naturae regna tria, secundum classes, ordines, genera, species, systematice proponuntur. 13th edn Vol. 1(3). 1033-1516 pp.</a>","","Miscellaneous","3cce8ba5-8ff3-4f61-bf1f-9116613c933c","20081009T05:11:37.000+0000",""
"","","Crocodilus","Crocodilus Bonnaterre, 1789","","Crocodilus","","","","Synonym","synonym","Genus","","Bonnaterre","1789","Y","a3c21636-1fea-4341-86fc-2e51a5437536","20100805T01:02:23.826+0000","dd789818-2f5b-4cd2-a5f8-a872dd57c3a9","20170301T04:55:57.439+0000","","6ad28c7a-6ff1-46c9-9a2a-14c36a8c1050","Bonnaterre (L'Abbé)","1789","Tableau Encyclopédique et Méthodique des trois règnes de la nature. Erpétologie","xxviii, 70 pp.","","","","","Panckoucke","<!--MARK--><a href='null67fbd5a5-f11a-4c95-a0d4-2ef0d0edb64c' class='mouseoverHref'>Bonnaterre (L'Abbé) 1789. <em>Tableau Encyclopédique et Méthodique des trois règnes de la nature. Erpétologie</em>. Paris : Panckoucke xxviii, 70 pp.</a><!--MARK-->","","Book","67fbd5a5-f11a-4c95-a0d4-2ef0d0edb64c","20081009T05:11:37.000+0000",""
"","","Oopholis","Oopholis Gray, 1844","","Oopholis","","","","Synonym","synonym","Genus","described as subgenus of <I>Crocodilus</I>; Smith, H.M. & Smith, R.B. 1977. <em>Synopsis of the Herpetofauna of Mexico.<I> Vol. 5. Guide to Mexican Amphisbaenians and Crocodilians. Bibliographic Addendum 2</I></em>. North Bennington, Vermont : John Johnson 187 pp. erroneously designated <I>Crocodylus porosus </I>Schneider as type species","Gray","1844","Y","94b03c8d-3f42-4f9f-9590-0f3242bc2b96","20100805T01:02:23.826+0000","dd789818-2f5b-4cd2-a5f8-a872dd57c3a9","20170301T04:55:57.439+0000","","3e9dbeca-0bb0-47fb-9829-4bd0a3260288","Gray, J.E.","1844","Catalogue of the Tortoises, Crocodiles, and Amphibians in the Collection of the British Museum","viii 80 pp.","","","","","British Museum","<!--MARK--><a href='null2fa9554b-2da2-46e7-893c-9faa7b10214d' class='mouseoverHref'>Gray, J.E. 1844. <em>Catalogue of the Tortoises, Crocodiles, and Amphibians in the Collection of the British Museum</em>. London : British Museum viii 80 pp.</a><!--MARK-->","","Book","2fa9554b-2da2-46e7-893c-9faa7b10214d","20081009T05:11:37.000+0000",""
"","","Motinia","Motinia Gray, 1844","","Motinia","","","","Synonym","synonym","Genus","described as subgenus of <I>Crocodilus</I>","Gray","1844","Y","742f2b36-3630-4000-91ad-cb07d709c1c5","20120809T06:07:40.489+0000","dd789818-2f5b-4cd2-a5f8-a872dd57c3a9","20170301T04:55:57.439+0000","","b3fa296c-805b-4d3b-8ed2-fa421be2b7cd","Gray, J.E.","1844","Catalogue of the Tortoises, Crocodiles, and Amphibians in the Collection of the British Museum","viii 80 pp.","","","","","British Museum","<!--MARK--><a href='null2fa9554b-2da2-46e7-893c-9faa7b10214d' class='mouseoverHref'>Gray, J.E. 1844. <em>Catalogue of the Tortoises, Crocodiles, and Amphibians in the Collection of the British Museum</em>. London : British Museum viii 80 pp.</a><!--MARK-->","","Book","2fa9554b-2da2-46e7-893c-9faa7b10214d","20081009T05:11:37.000+0000",""
"","","Mecistops","Mecistops Gray, 1844","","Mecistops","","","","Synonym","synonym","Genus","","Gray","1844","Y","2565fdd3-fd93-4fcf-b5af-1f7038b495dc","20120809T06:07:20.508+0000","dd789818-2f5b-4cd2-a5f8-a872dd57c3a9","20170301T04:55:57.439+0000","","e2d75ec5-5ebf-476b-b66f-e16b37ae1d84","Gray, J.E.","1844","Catalogue of the Tortoises, Crocodiles, and Amphibians in the Collection of the British Museum","viii 80 pp.","","","","","British Museum","<!--MARK--><a href='null2fa9554b-2da2-46e7-893c-9faa7b10214d' class='mouseoverHref'>Gray, J.E. 1844. <em>Catalogue of the Tortoises, Crocodiles, and Amphibians in the Collection of the British Museum</em>. London : British Museum viii 80 pp.</a><!--MARK-->","","Book","2fa9554b-2da2-46e7-893c-9faa7b10214d","20081009T05:11:37.000+0000",""
"","","Palinia","Palinia Gray, 1844","","Palinia","","","","Synonym","synonym","Genus","described as subgenus of <I>Crocodilus</I>","Gray","1844","Y","873a351a-cd57-468a-aa0c-5816c663f769","20100805T01:02:23.826+0000","dd789818-2f5b-4cd2-a5f8-a872dd57c3a9","20170301T04:55:57.439+0000","","dc6fb1ff-c4c7-41d6-a5d8-0dfb647ca4d4","Gray, J.E.","1844","Catalogue of the Tortoises, Crocodiles, and Amphibians in the Collection of the British Museum","viii 80 pp.","","","","","British Museum","<!--MARK--><a href='null2fa9554b-2da2-46e7-893c-9faa7b10214d' class='mouseoverHref'>Gray, J.E. 1844. <em>Catalogue of the Tortoises, Crocodiles, and Amphibians in the Collection of the British Museum</em>. London : British Museum viii 80 pp.</a><!--MARK-->","","Book","2fa9554b-2da2-46e7-893c-9faa7b10214d","20081009T05:11:37.000+0000",""
"","","Bombifrons","Bombifrons Gray, 1862","","Bombifrons","","","","Synonym","synonym","Genus","Smith, H.M. & Smith, R.B. 1977. <em>Synopsis of the Herpetofauna of Mexico.<I> Vol. 5. Guide to Mexican Amphisbaenians and Crocodilians. Bibliographic Addendum 2</I></em>. North Bennington, Vermont : John Johnson 187 pp. erroneously designated <I>Crocodylus siamensis </I>Schneider as type species","Gray","1862","Y","b4e71243-5a6b-4dd5-b24d-523913c4e09a","20100805T01:02:23.826+0000","dd789818-2f5b-4cd2-a5f8-a872dd57c3a9","20170301T04:55:57.439+0000","","cc73172a-395c-4db0-b505-3fa7a32a7fa5","Gray, J.E.","1862","A synopsis of the species of crocodiles","265-274","","Annals and Magazine of Natural History","","","","<!--MARK--><a href='nullfcd00421-e737-47ff-88a1-1085b4887b0b' class='mouseoverHref'>Gray, J.E. 1862. A synopsis of the species of crocodiles.</a> <!--MARK--><!--MARK--><a href='nullefa8de69-3a29-4a43-8ef2-cbefda205976' class='mouseoverHref'><em>Annals and Magazine of Natural History</em></a> 3 <strong>10</strong>: 265-274<!--MARK-->","","Article in Journal","fcd00421-e737-47ff-88a1-1085b4887b0b","20081009T05:11:37.000+0000","efa8de69-3a29-4a43-8ef2-cbefda205976"
"","","Molinia","Molinia Gray, 1862","","Molinia","","","","Synonym","synonym","Genus","almost certainly an emend. for <I>Motinia </I>Gray, 1844, although Smith, H.M. & Smith, R.B. 1977. <em>Synopsis of the Herpetofauna of Mexico.<I> Vol. 5. Guide to Mexican Amphisbaenians and Crocodilians. Bibliographic Addendum 2</I></em>. North Bennington, Vermont : John Johnson 187 pp. treat it as a new genus with type species <I>Crocodylus americanus </I>Laurenti, 1768","Gray","1862","Y","cf82352e-92a4-432a-a263-4041ab7884e0","20100805T01:02:23.826+0000","dd789818-2f5b-4cd2-a5f8-a872dd57c3a9","20170301T04:55:57.439+0000","","e60348ab-0d32-43d5-ac71-ce4f38c254dc","Gray, J.E.","1862","A synopsis of the species of crocodiles","265-274","","Annals and Magazine of Natural History","","","","<!--MARK--><a href='nullfcd00421-e737-47ff-88a1-1085b4887b0b' class='mouseoverHref'>Gray, J.E. 1862. A synopsis of the species of crocodiles.</a> <!--MARK--><!--MARK--><a href='nullefa8de69-3a29-4a43-8ef2-cbefda205976' class='mouseoverHref'><em>Annals and Magazine of Natural History</em></a> 3 <strong>10</strong>: 265-274<!--MARK-->","","Article in Journal","fcd00421-e737-47ff-88a1-1085b4887b0b","20081009T05:11:37.000+0000","efa8de69-3a29-4a43-8ef2-cbefda205976"
"","","Temsacus","Temsacus Gray, 1862","","Temsacus","","","","Synonym","synonym","Genus","described as subgenus of <I>Molinia </I>Gray, 1862","Gray","1862","Y","fcf21bc7-17ac-4920-948a-a41e8d154b91","20100805T01:02:23.826+0000","dd789818-2f5b-4cd2-a5f8-a872dd57c3a9","20170301T04:55:57.439+0000","","f2e4cc84-3099-4e31-8953-18bcf08f79cd","Gray, J.E.","1862","A synopsis of the species of crocodiles","265-274","","Annals and Magazine of Natural History","","","","<!--MARK--><a href='nullfcd00421-e737-47ff-88a1-1085b4887b0b' class='mouseoverHref'>Gray, J.E. 1862. A synopsis of the species of crocodiles.</a> <!--MARK--><!--MARK--><a href='nullefa8de69-3a29-4a43-8ef2-cbefda205976' class='mouseoverHref'><em>Annals and Magazine of Natural History</em></a> 3 <strong>10</strong>: 265-274<!--MARK-->","","Article in Journal","fcd00421-e737-47ff-88a1-1085b4887b0b","20081009T05:11:37.000+0000","efa8de69-3a29-4a43-8ef2-cbefda205976"
"","","Philas","Philas Gray, 1874","","Philas","","","","Synonym","synonym","Genus","described as subgenus of <I>Crocodilus</I>","Gray","1874","Y","66a5b671-279e-49f8-b22c-d4854e6a01e9","20100805T01:02:23.826+0000","dd789818-2f5b-4cd2-a5f8-a872dd57c3a9","20170301T04:55:57.439+0000","","b7b9aff5-e882-43a6-8ee4-3bce08326c56","Gray, J.E.","1874","On <i>Crocodilus johnstoni</i>","177-178","","Proceedings of the Zoological Society of London","","","","<!--MARK--><a href='null274c289e-0815-4dc4-984c-af3c68838024' class='mouseoverHref'>Gray, J.E. 1874. On <i>Crocodilus johnstoni</i>.</a> <!--MARK--><!--MARK--><a href='null511f299d-99ec-413c-bc4c-04a380829c96' class='mouseoverHref'><em>Proceedings of the Zoological Society of London</em></a> <strong>1874</strong>: 177-178<!--MARK-->","","Article in Journal","274c289e-0815-4dc4-984c-af3c68838024","20081009T05:11:37.000+0000","511f299d-99ec-413c-bc4c-04a380829c96"
"","","Molina","Molina Romer, 1956","","Molina","","","","Synonym","synonym","Genus","error for <I>Molinia </I>Gray, 1862","Romer","1956","Y","37f99122-ddb4-4737-9874-1d03938a62fd","20100805T01:02:23.826+0000","dd789818-2f5b-4cd2-a5f8-a872dd57c3a9","20170301T04:55:57.439+0000","","c5f66dcb-5a05-4c70-9eb4-b0969ce2be09","Romer, A.S.","1956","Osteology of the Reptiles","xxii 772","","","","","Univ. Chicago Press","<!--MARK--><a href='null37d243bd-8591-4d26-bfeb-c7f3b9ae65bc' class='mouseoverHref'>Romer, A.S. 1956. <em>Osteology of the Reptiles</em>. Chicago : Univ. Chicago Press xxii 772 pp.</a><!--MARK-->","","Book","37d243bd-8591-4d26-bfeb-c7f3b9ae65bc","20081009T05:11:37.000+0000",""
"2001","","johnstoni","Crocodylus johnstoni Krefft, 1873","CROCODYLIDAE","Crocodylus","","johnstoni","","Valid Name","","Species","","Krefft","1873","Y","1d5bff81-fdf3-4b3b-9c14-836ca331427a","20170301T04:55:57.439+0000","82d3ca15-6450-4169-b567-9acab77c66df","20210128T05:09:43.305+0000","dd789818-2f5b-4cd2-a5f8-a872dd57c3a9","82d3ca15-6450-4169-b567-9acab77c66df","","","","","","","","","","","","","","",""
"","","Freshwater Crocodile","","","","","","","Common Name","General","Species","","","","","97d00913-8dff-47bb-a8a9-10ad7a4e07e4","20100805T01:02:23.826+0000","82d3ca15-6450-4169-b567-9acab77c66df","20210128T05:09:43.305+0000","","fcc5076a-4b1d-42c4-82b2-b23954edfd52","CAVS","2006","Census of Australian Vertebrate Species","","","","","","","<!--MARK--><a href='nullf1adf003-2cf1-40fd-8a83-437db096dd21' class='mouseoverHref'>CAVS 2006. Census of Australian Vertebrate Species. Australian Biological Resources Study.</a>","","Miscellaneous","f1adf003-2cf1-40fd-8a83-437db096dd21","20081009T05:11:37.000+0000",""
"","","johnsoni","Crocodilus johnsoni Krefft, 1873","","Crocodilus","","johnsoni","","Synonym","synonym","Species","","Krefft","1873","Y","22d542c7-3fba-41b9-89fb-5abffb472435","20100805T01:02:23.826+0000","82d3ca15-6450-4169-b567-9acab77c66df","20210128T05:09:43.305+0000","","2e92b8ee-37be-48d4-b882-72961a44fee8","Krefft, G.","1873","Remarks on Australian crocodiles, and description of a new species","334-335","","Proceedings of the Zoological Society of London","","","","<!--MARK--><a href='null63ceabcf-5de1-4a73-966c-10ad43a63e17' class='mouseoverHref'>Krefft, G. 1873. Remarks on Australian crocodiles, and description of a new species.</a> <!--MARK--><!--MARK--><a href='null511f299d-99ec-413c-bc4c-04a380829c96' class='mouseoverHref'><em>Proceedings of the Zoological Society of London</em></a> <strong>1873</strong>: 334-335<!--MARK-->","","Article in Journal","63ceabcf-5de1-4a73-966c-10ad43a63e17","20081009T05:11:37.000+0000","511f299d-99ec-413c-bc4c-04a380829c96"
"","","krefftii","Tomistoma krefftii Gray, 1873","","Tomistoma","","krefftii","","Synonym","synonym","Species","<I>nom. nud</I>.; introduced in synonymy","Gray","1873","Y","66fa872d-b185-4535-b53e-bddf01789680","20100805T01:02:23.826+0000","82d3ca15-6450-4169-b567-9acab77c66df","20210128T05:09:43.305+0000","","d00e2c6a-6977-4968-8870-5d78f2a981b0","Krefft, G.","1873","Remarks on Australian crocodiles, and description of a new species","334-335","","Proceedings of the Zoological Society of London","","","","<!--MARK--><a href='null63ceabcf-5de1-4a73-966c-10ad43a63e17' class='mouseoverHref'>Krefft, G. 1873. Remarks on Australian crocodiles, and description of a new species.</a> <!--MARK--><!--MARK--><a href='null511f299d-99ec-413c-bc4c-04a380829c96' class='mouseoverHref'><em>Proceedings of the Zoological Society of London</em></a> <strong>1873</strong>: 334-335<!--MARK-->","","Article in Journal","63ceabcf-5de1-4a73-966c-10ad43a63e17","20081009T05:11:37.000+0000","511f299d-99ec-413c-bc4c-04a380829c96"
"","","johnstoni","Crocodilus (Philas) johnstoni Gray, 1874","","Crocodilus","Philas","johnstoni","","Synonym","synonym","Species","justified emendation of <I>Crocodilus johnsoni </I>Krefft, 1873","Gray","1874","Y","98bf3cc4-0c13-4906-8d53-22bc56a799b0","20100805T01:02:23.826+0000","82d3ca15-6450-4169-b567-9acab77c66df","20210128T05:09:43.305+0000","","0b9d6cc6-3f46-4308-b6b6-9dd98865f570","Gray, J.E.","1874","On <i>Crocodilus johnstoni</i>","177-178","","Proceedings of the Zoological Society of London","","","","<!--MARK--><a href='null274c289e-0815-4dc4-984c-af3c68838024' class='mouseoverHref'>Gray, J.E. 1874. On <i>Crocodilus johnstoni</i>.</a> <!--MARK--><!--MARK--><a href='null511f299d-99ec-413c-bc4c-04a380829c96' class='mouseoverHref'><em>Proceedings of the Zoological Society of London</em></a> <strong>1874</strong>: 177-178<!--MARK-->","","Article in Journal","274c289e-0815-4dc4-984c-af3c68838024","20081009T05:11:37.000+0000","511f299d-99ec-413c-bc4c-04a380829c96"
"","","webbi","Philas webbi Wells & Wellington, 1985","","Philas","","webbi","","Synonym","synonym","Species","","Wells & Wellington","1985","Y","599e680f-312d-4ea8-805d-8f63298223d3","20100805T01:02:23.826+0000","82d3ca15-6450-4169-b567-9acab77c66df","20210128T05:09:43.305+0000","","da4bc0f3-10a1-449e-91e9-8765dc2e72ad","Wells, R.W. & Wellington, C.R.","1985","A classification of the Amphibia and Reptilia of Australia","1-61","","Australian Journal of Herpetology Supplementary Series","","","","<!--MARK--><a href='null1e140721-d639-4124-be65-f818d91e3ace' class='mouseoverHref'>Wells, R.W. & Wellington, C.R. 1985. A classification of the Amphibia and Reptilia of Australia.</a> <!--MARK--><!--MARK--><a href='null281418e1-dc43-43b4-a15e-a68cafc3c5e7' class='mouseoverHref'><em>Australian Journal of Herpetology Supplementary Series</em></a> <strong>1</strong>: 1-61<!--MARK-->","","Article in Journal","1e140721-d639-4124-be65-f818d91e3ace","20081009T05:11:37.000+0000","281418e1-dc43-43b4-a15e-a68cafc3c5e7"
"2002","","porosus","Crocodylus porosus Schneider, 1801","CROCODYLIDAE","Crocodylus","","porosus","","Valid Name","","Species","","Schneider","1801","Y","6f185c67-3977-4200-a94f-188e1cbd8f08","20170301T04:55:57.439+0000","989a7126-df02-4f1f-a21f-feca59662947","20170301T04:55:57.439+0000","dd789818-2f5b-4cd2-a5f8-a872dd57c3a9","989a7126-df02-4f1f-a21f-feca59662947","","","","","","","","","","","","","","",""
"","","Saltwater Crocodile","","","","","","","Common Name","General","Species","","","","","11dc9bc9-d61c-40f3-aae5-647e6156501a","20100805T01:02:23.826+0000","989a7126-df02-4f1f-a21f-feca59662947","20170301T04:55:57.439+0000","","93542ced-31e2-46eb-87d1-b813a616e734","CAVS","2006","Census of Australian Vertebrate Species","","","","","","","<!--MARK--><a href='nullf1adf003-2cf1-40fd-8a83-437db096dd21' class='mouseoverHref'>CAVS 2006. Census of Australian Vertebrate Species. Australian Biological Resources Study.</a>","","Miscellaneous","f1adf003-2cf1-40fd-8a83-437db096dd21","20081009T05:11:37.000+0000",""
"","","natans","Crocodylus natans Meyer, 1795","","Crocodylus","","natans","","Synonym","synonym","Species","<I>nom. oblit</I>.","Meyer","1795","Y","abc8acff-4e2e-4794-bf48-557952cf363b","20100805T01:02:23.826+0000","989a7126-df02-4f1f-a21f-feca59662947","20170301T04:55:57.439+0000","","dbd0e69d-3c1c-4af1-ab00-f629b18f38aa","Meyer, F.A.A.","1795","Synopsis Reptilium, <i>sistematis novam generum methodum, nec non Gottingae ordinis animalium enumerationem</i>","","","","","","Vandenhoeck u. Ruprecht","<!--MARK--><a href='null6ea3911d-f6b0-4c2b-8666-4fbf4976f49e' class='mouseoverHref'>Meyer, F.A.A. 1795. <em>Synopsis Reptilium, <i>sistematis novam generum methodum, nec non Gottingae ordinis animalium enumerationem</i></em>. Göttingen : Vandenhoeck u. Ruprecht.</a><!--MARK-->","","Book","6ea3911d-f6b0-4c2b-8666-4fbf4976f49e","20081009T05:11:37.000+0000",""
"","","porosus","Crocodilus porosus Schneider, 1801","","Crocodilus","","porosus","","Synonym","synonym","Species","","Schneider","1801","Y","372f11f9-a478-4729-b389-cbec5546503b","20110502T04:54:00.513+0000","989a7126-df02-4f1f-a21f-feca59662947","20170301T04:55:57.439+0000","","53e1d124-3e95-46a6-bbd1-b182978aa07e","Schneider, J.G.","1801","Historiae Amphibiorum Naturalis et Literariae","vi 374","","","","","Frommani Fasc. 2","<!--MARK--><a href='null4991e095-e9e5-4ca2-b3c7-970b7d78bb5b' class='mouseoverHref'>Schneider, J.G. 1801. <em>Historiae Amphibiorum Naturalis et Literariae</em>. Jena : Frommani Fasc. 2 vi 374 pp.</a><!--MARK-->","","Book","4991e095-e9e5-4ca2-b3c7-970b7d78bb5b","20081009T05:11:37.000+0000",""
"","","oopholis","Crocodilus oopholis Schneider, 1801","","Crocodilus","","oopholis","","Synonym","synonym","Species","","Schneider","1801","Y","2452f362-910e-40dd-b1bc-507f5e6c063b","20100805T01:02:23.826+0000","989a7126-df02-4f1f-a21f-feca59662947","20170301T04:55:57.439+0000","","7be16d71-ca4d-43ca-b779-9dd21832a3cf","Schneider, J.G.","1801","Historiae Amphibiorum Naturalis et Literariae","vi 374","","","","","Frommani Fasc. 2","<!--MARK--><a href='null4991e095-e9e5-4ca2-b3c7-970b7d78bb5b' class='mouseoverHref'>Schneider, J.G. 1801. <em>Historiae Amphibiorum Naturalis et Literariae</em>. Jena : Frommani Fasc. 2 vi 374 pp.</a><!--MARK-->","","Book","4991e095-e9e5-4ca2-b3c7-970b7d78bb5b","20081009T05:11:37.000+0000",""
"","","biporcatus","Crocodilus biporcatus Cuvier, 1807","","Crocodilus","","biporcatus","","Synonym","synonym","Species","","Cuvier","1807","Y","b38a74b6-9e1a-4997-9ed6-218ba532062d","20100805T01:02:23.826+0000","989a7126-df02-4f1f-a21f-feca59662947","20170301T04:55:57.439+0000","","f8865246-aa86-4a3d-8210-732ba17a8cb0","Cuvier, G.","1807","Sur les differentes espèces de crocodiles vivans et sur leurs caractères distinctifs","8-86","","Annales du Muséum National d'Histoire Naturelle. Paris","","","","<!--MARK--><a href='nulled50b8e3-2d6f-403f-9b20-6ce6e16b5ddc' class='mouseoverHref'>Cuvier, G. 1807. Sur les differentes espèces de crocodiles vivans et sur leurs caractères distinctifs.</a> <!--MARK--><!--MARK--><a href='null8d3d82c3-0c66-4fc1-8699-44a0527a52d9' class='mouseoverHref'><em>Annales du Muséum National d'Histoire Naturelle. Paris</em></a> <strong>10</strong>: 8-86<!--MARK-->","","Article in Journal","ed50b8e3-2d6f-403f-9b20-6ce6e16b5ddc","20081009T05:11:37.000+0000","8d3d82c3-0c66-4fc1-8699-44a0527a52d9"
"","","raninus","Crocodilus biporcatus raninus Müller & Schlegel, 1844","","Crocodilus","","biporcatus","raninus","Synonym","synonym","Species","","Müller & Schlegel","1844","Y","170bdb69-9752-4e1e-9629-2b0765ccbb37","20100805T01:02:23.826+0000","989a7126-df02-4f1f-a21f-feca59662947","20170301T04:55:57.439+0000","","187d47b7-c347-4013-b8b6-d3ded95076a5","Müller, S. & Schlegel, H.","1844","<i>Over de Krokodillen van den Indischen Archipel.</i> In <i>Temminck, C.J.</i> Verhandelingen over de Natuurlijke en Geschiedenis der Nederlandsche Overzeesche Bezittingen. <i>Zoologie: Reptilia</i>","28","","","","","Natuurkundige Commissie in Indie","<!--MARK--><a href='nullbdd7371b-ccbb-40b1-8935-9c143087b32d' class='mouseoverHref'>Müller, S. & Schlegel, H. 1844. <em><i>Over de Krokodillen van den Indischen Archipel.</i> In <i>Temminck, C.J.</i> Verhandelingen over de Natuurlijke en Geschiedenis der Nederlandsche Overzeesche Bezittingen. <i>Zoologie: Reptilia</i></em>. Leiden : Natuurkundige Commissie in Indie 28 pp.</a><!--MARK-->","","Book","bdd7371b-ccbb-40b1-8935-9c143087b32d","20081009T05:11:37.000+0000",""
"","","pondicherianus","Oopholis pondicherianus Gray, 1862","","Oopholis","","pondicherianus","","Synonym","synonym","Species","","Gray","1862","Y","88910952-6f56-4dc2-a0b4-8ec8fd7c8393","20100805T01:02:23.826+0000","989a7126-df02-4f1f-a21f-feca59662947","20170301T04:55:57.439+0000","","f0defdcd-fd23-461d-87d3-e2a0753c7c2e","Gray, J.E.","1862","A synopsis of the species of crocodiles","265-274","","Annals and Magazine of Natural History","","","","<!--MARK--><a href='nullfcd00421-e737-47ff-88a1-1085b4887b0b' class='mouseoverHref'>Gray, J.E. 1862. A synopsis of the species of crocodiles.</a> <!--MARK--><!--MARK--><a href='nullefa8de69-3a29-4a43-8ef2-cbefda205976' class='mouseoverHref'><em>Annals and Magazine of Natural History</em></a> 3 <strong>10</strong>: 265-274<!--MARK-->","","Article in Journal","fcd00421-e737-47ff-88a1-1085b4887b0b","20081009T05:11:37.000+0000","efa8de69-3a29-4a43-8ef2-cbefda205976"
"","","australis","Crocodylus porosus australis Deraniyagala, 1953","","Crocodylus","","porosus","australis","Synonym","synonym","Species","type citation refers only to p. 12 in Barrett, C. 1950. <em>Reptiles of Australia</em>. London : Cassell 168 pp., which lacks any description, but type citation probably refers to figure on facing page p. 13","Deraniyagala","1953","Y","63d01dd6-ad13-4c2f-8f0a-db4e5304ce41","20100805T01:02:23.826+0000","989a7126-df02-4f1f-a21f-feca59662947","20170301T04:55:57.439+0000","","dc30b316-8ce1-437d-ab60-ca719e327924","Deraniyagala, P.E.P.","1953","A Coloured Atlas of Some Vertebrates from Ceylon. Vol. 2. Tetrapod Reptilia","vii 101 pp.","","","","","Govt. Press","<!--MARK--><a href='null027c4057-5af0-4a53-82c7-b4f42661e629' class='mouseoverHref'>Deraniyagala, P.E.P. 1953. <em>A Coloured Atlas of Some Vertebrates from Ceylon. Vol. 2. Tetrapod Reptilia</em>. Colombo : Govt. Press vii 101 pp.</a><!--MARK-->","","Book","027c4057-5af0-4a53-82c7-b4f42661e629","20081009T05:11:37.000+0000",""
"","","minikanna","Crocodylus porosus minikanna Deraniyagala, 1955","","Crocodylus","","porosus","minikanna","Synonym","synonym","Species","","Deraniyagala","1955","Y","d2ead8a5-3f16-4a8b-9aa2-641bb1f038fb","20100805T01:02:23.826+0000","989a7126-df02-4f1f-a21f-feca59662947","20170301T04:55:57.439+0000","","07c7efbe-5f85-48eb-a703-e9f0b1785ff4","Deraniyagala, P.E.P.","1955","A new race of estuarine crocodile from Ceylon","277-279","","Spolia Zeylanica","","","","<!--MARK--><a href='null5bc6315b-69f7-48a6-817b-2ded2389b5aa' class='mouseoverHref'>Deraniyagala, P.E.P. 1955. A new race of estuarine crocodile from Ceylon.</a> <!--MARK--><!--MARK--><a href='null3b5c5701-424b-4976-b94a-e4992a75b6e0' class='mouseoverHref'><em>Spolia Zeylanica</em></a> <strong>27</strong>: 277-279<!--MARK-->","","Article in Journal","5bc6315b-69f7-48a6-817b-2ded2389b5aa","20081009T05:11:37.000+0000","3b5c5701-424b-4976-b94a-e4992a75b6e0"
"","","pethericki","Crocodylus pethericki Wells & Wellington, 1985","","Crocodylus","","pethericki","","Synonym","synonym","Species","","Wells & Wellington","1985","Y","e57529fd-c410-44dd-a46e-ca57322b1db3","20100805T01:02:23.826+0000","989a7126-df02-4f1f-a21f-feca59662947","20170301T04:55:57.439+0000","","f95a4d30-4f81-49af-80c7-ae0c52153fc8","Wells, R.W. & Wellington, C.R.","1985","A classification of the Amphibia and Reptilia of Australia","1-61","","Australian Journal of Herpetology Supplementary Series","","","","<!--MARK--><a href='null1e140721-d639-4124-be65-f818d91e3ace' class='mouseoverHref'>Wells, R.W. & Wellington, C.R. 1985. A classification of the Amphibia and Reptilia of Australia.</a> <!--MARK--><!--MARK--><a href='null281418e1-dc43-43b4-a15e-a68cafc3c5e7' class='mouseoverHref'><em>Australian Journal of Herpetology Supplementary Series</em></a> <strong>1</strong>: 1-61<!--MARK-->","","Article in Journal","1e140721-d639-4124-be65-f818d91e3ace","20081009T05:11:37.000+0000","281418e1-dc43-43b4-a15e-a68cafc3c5e7"
