"PUB_AUTHOR","PUB_YEAR","PUB_TITLE","PUB_PAGES","PUB_PARENT_BOOK_TITLE","PUB_PARENT_JOURNAL_TITLE","PUB_PARENT_ARTICLE_TITLE","PUB_PUBLICATION_DATE","PUB_PUBLISHER","PUB_FORMATTED","PUB_QUALIFICATION","PUB_TYPE","PUBLICATION_GUID","PUBLICATION_LAST_UPDATE","PARENT_PUBLICATION_GUID"
"Bethune-Baker, G.T.","1904","New Lepidoptera from British New Guinea","367-429, pls 4-6","","Novitates Zoologicae","","","","<!--MARK--><a href='null32e9a253-9ff9-4de2-b1f6-86c715e8452a' class='mouseoverHref'>Bethune-Baker, G.T. 1904. New Lepidoptera from British New Guinea.</a> <!--MARK--><!--MARK--><a href='null25791c0c-6650-411b-b9d3-6433789fce38' class='mouseoverHref'><em>Novitates Zoologicae</em></a> <strong>11</strong>: 367-429, pls 4-6<!--MARK-->","","Article in Journal","32e9a253-9ff9-4de2-b1f6-86c715e8452a","20110324T02:55:44.280+0000","25791c0c-6650-411b-b9d3-6433789fce38"
"Bethune-Baker, G.T.","1908","New Lepidoptera from British New Guinea","175-243","","Novitates Zoologicae","","","","<!--MARK--><a href='null86c3601d-4a6b-4730-bea3-1b28ccc4f72a' class='mouseoverHref'>Bethune-Baker, G.T. 1908. New Lepidoptera from British New Guinea.</a> <!--MARK--><!--MARK--><a href='null25791c0c-6650-411b-b9d3-6433789fce38' class='mouseoverHref'><em>Novitates Zoologicae</em></a> <strong>15</strong>: 175-243<!--MARK-->","","Article in Journal","86c3601d-4a6b-4730-bea3-1b28ccc4f72a","20081009T05:11:37.000+0000","25791c0c-6650-411b-b9d3-6433789fce38"
"Biedermann, R.","1932","Sur quelques formes nouvelles ou peu connues de Lépidoptères(Nymphalidae, Saturnidae)","204-205","","Bulletin de la Société Entomologique de France","","","","<!--MARK--><a href='null97af7194-aba3-420e-9954-a9e256ab04f9' class='mouseoverHref'>Biedermann, R. 1932. Sur quelques formes nouvelles ou peu connues de Lépidoptères(Nymphalidae, Saturnidae).</a> <!--MARK--><!--MARK--><a href='null7853f77c-aa1b-42ec-bc2c-9758f7ff72c7' class='mouseoverHref'><em>Bulletin de la Société Entomologique de France</em></a> <strong>37</strong>: 204-205<!--MARK-->","","Article in Journal","97af7194-aba3-420e-9954-a9e256ab04f9","20081009T05:11:37.000+0000","7853f77c-aa1b-42ec-bc2c-9758f7ff72c7"
"Boisduval, J.A.D.","1832","Entomologie","p. 225","Voyage de Découvertes de l'Astrolabe exécuté par Ordre du Roi, Pendant les Années 1826-1827-1828-1829, sous le Commandement de M.J. Dumont D'Urville. Faune entomologique de l'Océan Pacifique, avec l'illustration des insectes nouveaux recueillis pendant le Voyage. Lépidoptères","","","","","<!--MARK--><a href='null814b7718-7a02-45cd-a3a2-7bf2ec91c2a3' class='mouseoverHref'>Boisduval, J.A.D. 1832. Entomologie. p. 225</a> <!--MARK--><em>in</em> <!--MARK--><a href='nulla6364f25-d7fa-4a65-81a7-7515c844f2cf' class='mouseoverHref'>d'Urville, J. S. C. D. <em>Voyage de Découvertes de l'Astrolabe exécuté par Ordre du Roi, Pendant les Années 1826-1827-1828-1829, sous le Commandement de M.J. Dumont D'Urville. Faune entomologique de l'Océan Pacifique, avec l'illustration des insectes nouveaux recueillis pendant le Voyage. Lépidoptères</em>. Paris : J. Tastu Part 1 267 pp.</a><!--MARK-->","","Chapter in Book","814b7718-7a02-45cd-a3a2-7bf2ec91c2a3","20150629T22:06:37.864+0000","a6364f25-d7fa-4a65-81a7-7515c844f2cf"
"Bouvier, E.-L.","1927","Quelques observations sur les Saturnides attaciens du genre <i>Coscinocera</i> (Lep.)","147-149","","Bulletin de la Société Entomologique de France","","","","<!--MARK--><a href='null0300bfae-87db-4e45-9915-ed81edbc0f47' class='mouseoverHref'>Bouvier, E.-L. 1927. Quelques observations sur les Saturnides attaciens du genre <i>Coscinocera</i> (Lep.).</a> <!--MARK--><!--MARK--><a href='null7853f77c-aa1b-42ec-bc2c-9758f7ff72c7' class='mouseoverHref'><em>Bulletin de la Société Entomologique de France</em></a> <strong>1927</strong>: 147-149<!--MARK-->","","Article in Journal","0300bfae-87db-4e45-9915-ed81edbc0f47","20081009T05:11:37.000+0000","7853f77c-aa1b-42ec-bc2c-9758f7ff72c7"
"Bouvier, E.-L.","1936","Étude des Saturnioïdes normaux. Famille des Saturniidés","1-354, pls 1-12","","Mémoires du Muséum national d'Histoire naturelle, Paris","","","","<!--MARK--><a href='nullff4f24bd-f10b-40db-8659-c6ca113b53b7' class='mouseoverHref'>Bouvier, E.-L. 1936. Étude des Saturnioïdes normaux. Famille des Saturniidés.</a> <!--MARK--><!--MARK--><a href='null93c2cf00-5323-4c6b-85b2-9b9ff8e2dfb9' class='mouseoverHref'><em>Mémoires du Muséum national d'Histoire naturelle, Paris</em></a><!--MARK--> [1936-1950] N.S. <strong>3</strong>(1): 1-354, pls 1-12<!--MARK-->","","Article in Journal","ff4f24bd-f10b-40db-8659-c6ca113b53b7","20081009T05:11:37.000+0000","93c2cf00-5323-4c6b-85b2-9b9ff8e2dfb9"
"Bryk, F.","1934","Lymantriidae","1-441","","Lepidopterorum Catalogus","","","","<!--MARK--><a href='null10455109-251e-4038-88f0-54afe7201ea7' class='mouseoverHref'>Bryk, F. 1934. Lymantriidae.</a> <!--MARK--><!--MARK--><a href='nullc4926fd5-876f-4936-b1a5-b81365038d4e' class='mouseoverHref'><em>Lepidopterorum Catalogus</em></a> <strong>62</strong>: 1-441<!--MARK-->","","Article in Journal","10455109-251e-4038-88f0-54afe7201ea7","20081009T05:11:37.000+0000","c4926fd5-876f-4936-b1a5-b81365038d4e"
"Butler, A.G.","1874","Descriptions of some new Heterocerous Lepidoptera from Australia","291-293","","Cistula Entomologica","","","","<!--MARK--><a href='null44c7885e-2150-492f-87c0-5f297a5be381' class='mouseoverHref'>Butler, A.G. 1874. Descriptions of some new Heterocerous Lepidoptera from Australia.</a> <!--MARK--><!--MARK--><a href='null6d769ad4-3958-459c-9047-dfb75cc3158f' class='mouseoverHref'><em>Cistula Entomologica</em></a> <strong>1</strong>: 291-293<!--MARK-->","","Article in Journal","44c7885e-2150-492f-87c0-5f297a5be381","20081009T05:11:37.000+0000","6d769ad4-3958-459c-9047-dfb75cc3158f"
"Butler, A.G.","1879","On the natural affinities of the Lepidoptera hitherto referred to the genus <i>Acronycta</i> of authors","313-317","","Transactions of the Entomological Society of London","","","","<!--MARK--><a href='nullf3afb81b-933c-4387-9584-f1f315421399' class='mouseoverHref'>Butler, A.G. 1879. On the natural affinities of the Lepidoptera hitherto referred to the genus <i>Acronycta</i> of authors.</a> <!--MARK--><!--MARK--><a href='null5cf355b3-abc5-451e-9abc-ed3282d7811a' class='mouseoverHref'><em>Transactions of the Entomological Society of London</em></a> <strong>1879</strong>: 313-317<!--MARK-->","","Article in Journal","f3afb81b-933c-4387-9584-f1f315421399","20081009T05:11:37.000+0000","5cf355b3-abc5-451e-9abc-ed3282d7811a"
"Butler, A.G.","1882","On a small collection of Lepidoptera from Melbourne","84-103","","Annals and Magazine of Natural History","","","","<!--MARK--><a href='nullf59e9ef1-0e89-4e04-ae14-0ad61228b26e' class='mouseoverHref'>Butler, A.G. 1882. On a small collection of Lepidoptera from Melbourne.</a> <!--MARK--><!--MARK--><a href='nullefa8de69-3a29-4a43-8ef2-cbefda205976' class='mouseoverHref'><em>Annals and Magazine of Natural History</em></a> 5 <strong>9</strong>: 84-103<!--MARK-->","","Article in Journal","f59e9ef1-0e89-4e04-ae14-0ad61228b26e","20081009T05:11:37.000+0000","efa8de69-3a29-4a43-8ef2-cbefda205976"
"Butler, A.G.","1886","Descriptions of 21 new genera and 103 new species of Lepidoptera Heterocera from the Australian region","381-441, pls 9-10","","Transactions of the Entomological Society of London","","","","<!--MARK--><a href='nullacf29b21-03c9-4990-aa14-fce12b2da503' class='mouseoverHref'>Butler, A.G. 1886. Descriptions of 21 new genera and 103 new species of Lepidoptera Heterocera from the Australian region.</a> <!--MARK--><!--MARK--><a href='null5cf355b3-abc5-451e-9abc-ed3282d7811a' class='mouseoverHref'><em>Transactions of the Entomological Society of London</em></a> <strong>1886</strong>(4): 381-441, pls 9-10<!--MARK-->","","Article in Journal","acf29b21-03c9-4990-aa14-fce12b2da503","20081009T05:11:37.000+0000","5cf355b3-abc5-451e-9abc-ed3282d7811a"
"Cockerell, T.D.A. in Packard, A.S.","1914","Monograph of the bombycine moths of North America, including their transformations and origin of the larval markings and armature. Part iii. Families Ceratocampidae (exclusive of Ceratocampinae), Saturniidae, Hemileucidae and Brahmeidae","ix 1-516","","Memoirs of the National Academy of Science Washington","","","","<!--MARK--><a href='nullbbb0496a-c6df-4121-b229-3e19cb185659' class='mouseoverHref'>Cockerell, T.D.A. <i>in</i> Packard, A.S. 1914. Monograph of the bombycine moths of North America, including their transformations and origin of the larval markings and armature. Part iii. Families Ceratocampidae (exclusive of Ceratocampinae), Saturniidae, Hemileucidae and Brahmeidae.</a> <!--MARK--><!--MARK--><a href='null6664c667-350d-4649-bf35-c171a86abd98' class='mouseoverHref'><em>Memoirs of the National Academy of Science Washington</em></a> <strong>12</strong>: ix 1-516<!--MARK-->","","Article in Journal","bbb0496a-c6df-4121-b229-3e19cb185659","20081009T05:11:37.000+0000","6664c667-350d-4649-bf35-c171a86abd98"
"Collier, W.A.","1936","Lasiocampidae","1-484","","Lepidopterorum Catalogus","","","","<!--MARK--><a href='null9a2d8fc5-7a9b-4a46-9b8d-980d323f0624' class='mouseoverHref'>Collier, W.A. 1936. Lasiocampidae.</a> <!--MARK--><!--MARK--><a href='nullc4926fd5-876f-4936-b1a5-b81365038d4e' class='mouseoverHref'><em>Lepidopterorum Catalogus</em></a> <strong>73</strong>: 1-484<!--MARK-->","","Article in Journal","9a2d8fc5-7a9b-4a46-9b8d-980d323f0624","20081009T05:11:37.000+0000","c4926fd5-876f-4936-b1a5-b81365038d4e"
"Common, I.F.B.","1963","Australian Moths","128 pp.","","","","","Jacaranda Press","<!--MARK--><a href='nullba75b150-40cc-4343-b5a1-1d231e0a9b32' class='mouseoverHref'>Common, I.F.B. 1963. <em>Australian Moths</em>. Brisbane : Jacaranda Press 128 pp.</a><!--MARK-->","","Book","ba75b150-40cc-4343-b5a1-1d231e0a9b32","20081009T05:11:37.000+0000",""
"Common, I.F.B.","1966","A new family of Bombycoidea (Lepidoptera) based on <i>Carthaea saturnioides</i> Walker from Western Australia","29-36","","Journal of the Entomological Society of Queensland","","","","<!--MARK--><a href='null810d3867-c3da-47cc-a011-1f7dc42b7616' class='mouseoverHref'>Common, I.F.B. 1966. A new family of Bombycoidea (Lepidoptera) based on <i>Carthaea saturnioides</i> Walker from Western Australia.</a> <!--MARK--><!--MARK--><a href='nulld74a2165-1b16-4c07-94ca-5ccab50e6a86' class='mouseoverHref'><em>Journal of the Entomological Society of Queensland</em></a> <strong>5</strong>: 29-36<!--MARK-->","","Article in Journal","810d3867-c3da-47cc-a011-1f7dc42b7616","20081009T05:11:37.000+0000","d74a2165-1b16-4c07-94ca-5ccab50e6a86"
"Common, I.F.B.","1970","Lepidoptera (Moths and butterflies)","pp. 765-866, pls 7, 8","The Insects of Australia: a textbook for students and research workers","","","","","<!--MARK--><a href='nullcb87f49d-4088-4b7b-9c35-3d9b677fea43' class='mouseoverHref'>Common, I.F.B. 1970. Lepidoptera (Moths and butterflies). pp. 765-866, pls 7, 8</a> <!--MARK--><em>in</em> <!--MARK--><a href='nulldbe6e3ec-92cc-4169-8ec4-b43399f5561d' class='mouseoverHref'>Mackerras, I.M. (ed.). <em>The Insects of Australia: a textbook for students and research workers</em>. Melbourne : Melbourne University Press 1029, 8 pls.</a><!--MARK-->","","Chapter in Book","cb87f49d-4088-4b7b-9c35-3d9b677fea43","20140313T03:54:36.894+0000","dbe6e3ec-92cc-4169-8ec4-b43399f5561d"
"Common, I.F.B.","1990","Moths of Australia","vi+535 pp., 32 pls","","","","","Melbourne University Press","<!--MARK--><a href='null4761eedc-fc6e-4ab6-bac8-6df695c08580' class='mouseoverHref'>Common, I.F.B. 1990. <em>Moths of Australia</em>. Carlton : Melbourne University Press vi+535 pp., 32 pls.</a><!--MARK-->","","Book","4761eedc-fc6e-4ab6-bac8-6df695c08580","20120306T02:32:31.896+0000",""
"Common, I.F.B. & McFarland, N.","1970","A new subfamily for <i>Munychryia</i> Walker and <i>Gephyroneura</i> Turner (Lepidoptera: Anthelidae) and the description of a new species from Western Australia","11-12","","Journal of the Australian Entomological Society","","","","<!--MARK--><a href='null848f6738-3965-4dca-b38e-e80249683405' class='mouseoverHref'>Common, I.F.B. & McFarland, N. 1970. A new subfamily for <i>Munychryia</i> Walker and <i>Gephyroneura</i> Turner (Lepidoptera: Anthelidae) and the description of a new species from Western Australia.</a> <!--MARK--><!--MARK--><a href='nullc2544f9f-3978-4f18-846d-a1fd3122c9c4' class='mouseoverHref'><em>Journal of the Australian Entomological Society</em></a> <strong>9</strong>: 11-12<!--MARK-->","","Article in Journal","848f6738-3965-4dca-b38e-e80249683405","20081009T05:11:37.000+0000","c2544f9f-3978-4f18-846d-a1fd3122c9c4"
"Dalle Torre, K.W. von","1927","Die Erscheinungsdaten von Herrich-Schäffers Sammlung neuer un wenig bekannten aussereuropäischer Schmetterlinge","1-11, 56-60, 72-76","","Entomologisches Nachrichtenblatt. Troppau","","","","<!--MARK--><a href='null4a39d940-1660-4aa9-a037-37903e30fef1' class='mouseoverHref'>Dalle Torre, K.W. von 1927. Die Erscheinungsdaten von Herrich-Schäffers Sammlung neuer un wenig bekannten aussereuropäischer Schmetterlinge.</a> <!--MARK--><!--MARK--><a href='null64aeaa7c-2d34-4c58-b821-8fee997cfb9d' class='mouseoverHref'><em>Entomologisches Nachrichtenblatt. Troppau</em></a> <strong>1</strong>: 1-11, 56-60, 72-76<!--MARK-->","","Article in Journal","4a39d940-1660-4aa9-a037-37903e30fef1","20081009T05:11:37.000+0000","64aeaa7c-2d34-4c58-b821-8fee997cfb9d"
"Donovan, E.","1805","An Epitome of the Natural History of the Insects of New Holland, New Zealand, New Guinea, Otaheite, and other Islands in the Indian, Southern, and Pacific Oceans: including Figures and Descriptions of One Hundred and Fifty-three Species of the more Splendid, Beautiful, and Interesting Insects, hitherto Discovered in those Countries, and which for the most Part have not appeared in the Works of any Preceding Author.","iv + [167] pp. + [41] pls","","","","January","Rivington","<!--MARK--><a href='null2a5de61b-c80e-4b9b-8705-937135fbc75b' class='mouseoverHref'>Donovan, E. 1805. <em>An Epitome of the Natural History of the Insects of New Holland, New Zealand, New Guinea, Otaheite, and other Islands in the Indian, Southern, and Pacific Oceans: including Figures and Descriptions of One Hundred and Fifty-three Species of the more Splendid, Beautiful, and Interesting Insects, hitherto Discovered in those Countries, and which for the most Part have not appeared in the Works of any Preceding Author</em>. London : Rivington iv + [167] pp. + [41] pls.</a><!--MARK--> [Date published January]","","Book","2a5de61b-c80e-4b9b-8705-937135fbc75b","20150408T01:26:08.794+0000",""
"Drury","1773","<i>Illust. nat. hist. exot. insects</i>","","","","","","","<!--MARK--><a href='nulla7c65594-7b30-4bd4-9082-aa44de904276' class='mouseoverHref'>Drury 1773. <i>Illust. nat. hist. exot. insects</i>. Vol. 2.</a>","","Miscellaneous","a7c65594-7b30-4bd4-9082-aa44de904276","20081009T05:11:37.000+0000",""
"Edwards, E.D.","1996","Bombycidae","p. 262","Checklist of the Lepidoptera of Australia. Monographs on Australian Lepidoptera","","","","","<!--MARK--><a href='null8ff2de3d-a602-4b94-b60a-96c10f8b9233' class='mouseoverHref'>Edwards, E.D. 1996. Bombycidae. p. 262</a> <!--MARK--><em>in</em> <!--MARK--><a href='null378b3781-ecbb-4844-8fe3-625daadd926d' class='mouseoverHref'>Nielsen, E.S., Edwards, E.D. & Rangsi, T.V. (eds). <em>Checklist of the Lepidoptera of Australia. Monographs on Australian Lepidoptera</em>. Collingwood : CSIRO Publishing Vol. 4 xiv 529 pp. & CD-ROM.</a><!--MARK-->","","Chapter in Book","8ff2de3d-a602-4b94-b60a-96c10f8b9233","20121106T01:19:49.693+0000","378b3781-ecbb-4844-8fe3-625daadd926d"
"Edwards, E.D.","1996","Lasiocampidae","pp. 255-257","Checklist of the Lepidoptera of Australia. Monographs on Australian Lepidoptera","","","","","<!--MARK--><a href='null549964eb-14b1-40ea-9408-874a1bfece95' class='mouseoverHref'>Edwards, E.D. 1996. Lasiocampidae. pp. 255-257</a> <!--MARK--><em>in</em> <!--MARK--><a href='null378b3781-ecbb-4844-8fe3-625daadd926d' class='mouseoverHref'>Nielsen, E.S., Edwards, E.D. & Rangsi, T.V. (eds). <em>Checklist of the Lepidoptera of Australia. Monographs on Australian Lepidoptera</em>. Collingwood : CSIRO Publishing Vol. 4 xiv 529 pp. & CD-ROM.</a><!--MARK-->","","Chapter in Book","549964eb-14b1-40ea-9408-874a1bfece95","20121106T02:53:00.911+0000","378b3781-ecbb-4844-8fe3-625daadd926d"
"Edwards, E.D.","1996","Saturniidae","pp. 264-265","Checklist of the Lepidoptera of Australia. Monographs on Australian Lepidoptera","","","","","<!--MARK--><a href='null4ef1fc80-a41f-433c-a809-8f3818e502c9' class='mouseoverHref'>Edwards, E.D. 1996. Saturniidae. pp. 264-265</a> <!--MARK--><em>in</em> <!--MARK--><a href='null378b3781-ecbb-4844-8fe3-625daadd926d' class='mouseoverHref'>Nielsen, E.S., Edwards, E.D. & Rangsi, T.V. (eds). <em>Checklist of the Lepidoptera of Australia. Monographs on Australian Lepidoptera</em>. Collingwood : CSIRO Publishing Vol. 4 xiv 529 pp. & CD-ROM.</a><!--MARK-->","","Chapter in Book","4ef1fc80-a41f-433c-a809-8f3818e502c9","20121106T01:04:13.280+0000","378b3781-ecbb-4844-8fe3-625daadd926d"
"Edwards, E.D. & Fairey, K.D","1996","Anthelidae","pp. 258-260","Checklist of the Lepidoptera of Australia. Monographs on Australian Lepidoptera","","","","","<!--MARK--><a href='null433a5c4e-66ae-4160-a4e5-ca86c0d55b31' class='mouseoverHref'>Edwards, E.D. & Fairey, K.D 1996. Anthelidae. pp. 258-260</a> <!--MARK--><em>in</em> <!--MARK--><a href='null378b3781-ecbb-4844-8fe3-625daadd926d' class='mouseoverHref'>Nielsen, E.S., Edwards, E.D. & Rangsi, T.V. (eds). <em>Checklist of the Lepidoptera of Australia. Monographs on Australian Lepidoptera</em>. Collingwood : CSIRO Publishing Vol. 4 xiv 529 pp. & CD-ROM.</a><!--MARK-->","","Chapter in Book","433a5c4e-66ae-4160-a4e5-ca86c0d55b31","20121106T01:26:20.921+0000","378b3781-ecbb-4844-8fe3-625daadd926d"
"Fabricius, J.C.","1775","Systema Entomologiae, sistens Insectorum Classes, Ordines, Genera, Species, adiectis Synonymis, Locis, Descriptionibus, Observationibus","xxxii 832 pp.","","","","17 April","Kortii","<!--MARK--><a href='nullda77a1b5-cdfa-4c8b-a4fa-3ba1ead48929' class='mouseoverHref'>Fabricius, J.C. 1775. <em>Systema Entomologiae, sistens Insectorum Classes, Ordines, Genera, Species, adiectis Synonymis, Locis, Descriptionibus, Observationibus</em>. Flensburgi et Lipsiae [= Flensburg & Leipzig] : Kortii xxxii 832 pp.</a><!--MARK--> [Date published 17 April]","","Book","da77a1b5-cdfa-4c8b-a4fa-3ba1ead48929","20110508T01:53:06.371+0000",""
"Fawcett, J.M.","1917","Notes on a collection of Heterocera made by M. W. Feather in British East Africa 1911-1913","233-250","","Proceedings of the Zoological Society of London","","","","<!--MARK--><a href='null1d2164d2-b5de-43cd-b52b-acb042a5a6f1' class='mouseoverHref'>Fawcett, J.M. 1917. Notes on a collection of Heterocera made by M. W. Feather in British East Africa 1911-1913.</a> <!--MARK--><!--MARK--><a href='null511f299d-99ec-413c-bc4c-04a380829c96' class='mouseoverHref'><em>Proceedings of the Zoological Society of London</em></a> <strong>1917</strong>: 233-250<!--MARK-->","","Article in Journal","1d2164d2-b5de-43cd-b52b-acb042a5a6f1","20081009T05:11:37.000+0000","511f299d-99ec-413c-bc4c-04a380829c96"
"Feisthamel, J.F.P.","1839","Lépidoptères nouveaux recueillis pendant le voyage autour du monde de la Favorite, sous le commandement de M. Laplace, Capitaine de frégate, illustrés et decrits","1-13, pls 17-26","","Magasin de Zoologie (Paris)","","","","<!--MARK--><a href='null243f6934-9d20-45f6-9dd4-71424b0b48c7' class='mouseoverHref'>Feisthamel, J.F.P. 1839. Lépidoptères nouveaux recueillis pendant le voyage autour du monde de la Favorite, sous le commandement de M. Laplace, Capitaine de frégate, illustrés et decrits.</a> <!--MARK--><!--MARK--><a href='null7bdb490b-d7bc-4cf3-82a6-5a5e2721598f' class='mouseoverHref'><em>Magasin de Zoologie (Paris)</em></a> 2 <strong>1</strong>(Insectes): 1-13, pls 17-26<!--MARK-->","","Article in Journal","243f6934-9d20-45f6-9dd4-71424b0b48c7","20081009T05:11:37.000+0000","7bdb490b-d7bc-4cf3-82a6-5a5e2721598f"
"Felder, C., Felder, R. & Rogenhofer, A.F.","1875","[1874-1875]. Lepidoptera. Heft IV, V. Atlas der Heterocera Sphingida","vi+548 pp. 140 pls","","","","","","<!--MARK--><a href='null39d6916c-f787-4c9c-b06e-0bc14a8cd822' class='mouseoverHref'>Felder, C., Felder, R. & Rogenhofer, A.F. 1875. [1874-1875]. Lepidoptera. Heft IV, V. Atlas der Heterocera Sphingida. Noctuida. <I>Reise der Österreichischen Fregatte Novara um die Erde in den Jahren 1857, 1858, 1859. (Zoologischer Theil). Wien. Band 2 (Abtheilung 2)</I>. vi+548 pp. 140 pls</a>","","Miscellaneous","39d6916c-f787-4c9c-b06e-0bc14a8cd822","20210312T05:31:39.261+0000",""
"Felder, R. & Rogenhofer, A.F.","1874","[1874-1875]. Lepidoptera. Heterocera","","","","","","","<!--MARK--><a href='nulla738a3b0-24ff-4f51-ae86-c865b9d897b0' class='mouseoverHref'>Felder, R. & Rogenhofer, A.F. 1874. [1874-1875]. Lepidoptera. Heterocera. Noctuida. <I>Reise der Österreichischen Fregatte Novara um die Erde in den Jahren 1857, 1858, 1859.</I> (Zoologischer Theil). Wien. Band 2 (Abtheilung 2).</a>","","Miscellaneous","a738a3b0-24ff-4f51-ae86-c865b9d897b0","20081009T05:11:37.000+0000",""
"Felder, R. in Felder, R. & Rogenhofer, A.F.","1874","[1874-1875]. Lepidoptera. Heft IV, V. Atlas der Heterocera Sphingida. Noctuida","","","","","","","<!--MARK--><a href='nullc5a5f18b-f353-45c0-b6c2-c11643e9e628' class='mouseoverHref'>Felder, R. <i>in</i> Felder, R. & Rogenhofer, A.F. 1874. [1874-1875]. Lepidoptera. Heft IV, V. Atlas der Heterocera Sphingida. Noctuida. <I>Reise der Österreichischen Fregatte Novara um die Erde in den Jahren 1857, 1858, 1859. (Zoologischer Theil). Wien. Band 2 (Abtheilung 2)</I>. vi+548 pp. 74 pls.</a>","","Miscellaneous","c5a5f18b-f353-45c0-b6c2-c11643e9e628","",""
"Fletcher, D.S. in Fletcher, D.S. & Nye, I.W.B.","1982","Bombycoidea, Castnioidea, Cossoidea, Mimallonoidea, Sesioidea, Sphingoidea, Zygaenoidea","","The Generic Names of Moths of the World","","","","","<!--MARK--><a href='nullda8e224d-f98f-4477-8233-ffade4594fe0' class='mouseoverHref'>Fletcher, D.S. <i>in</i> Fletcher, D.S. & Nye, I.W.B. 1982. Bombycoidea, Castnioidea, Cossoidea, Mimallonoidea, Sesioidea, Sphingoidea, Zygaenoidea.</a> <!--MARK--><em>In,</em> <!--MARK--><a href='null5755f27f-b7a6-45be-8829-7622fe308327' class='mouseoverHref'>Nye, I.W.B. (ed.). <em>The Generic Names of Moths of the World</em>. London : British Museum (Natural History) Vol. 4 xiv+192 pp., frontispiece.</a><!--MARK-->","","Chapter in Book","da8e224d-f98f-4477-8233-ffade4594fe0","20081009T05:11:37.000+0000","5755f27f-b7a6-45be-8829-7622fe308327"
"Fletcher, D.S. in Nye, I.W.B.","1982","The Generic Names of Moths of the World","xiv+192 pp., frontispiece","","","","","British Museum (Natural History)","<!--MARK--><a href='null87898d4d-ef74-4222-a805-5a8d949c1789' class='mouseoverHref'>Fletcher, D.S. <i>in</i> Nye, I.W.B. 1982. <em>The Generic Names of Moths of the World</em>. London : British Museum (Natural History) Vol. 4 xiv+192 pp., frontispiece.</a><!--MARK-->","","Book","87898d4d-ef74-4222-a805-5a8d949c1789","20101105T00:57:54.866+0000",""
"Forbes, W.T.M.","1955","The subdivision of the Eupterotidae (Lepidoptera)","85-132","","Tijdschrift voor Entomologie","","","","<!--MARK--><a href='null11ea810d-6a9a-4822-a1b0-ea47fee56631' class='mouseoverHref'>Forbes, W.T.M. 1955. The subdivision of the Eupterotidae (Lepidoptera).</a> <!--MARK--><!--MARK--><a href='null6b0f0fc0-01fc-4ed4-aae0-c8b621477f01' class='mouseoverHref'><em>Tijdschrift voor Entomologie</em></a> <strong>98</strong>: 85-132<!--MARK-->","","Article in Journal","11ea810d-6a9a-4822-a1b0-ea47fee56631","20081009T05:11:37.000+0000","6b0f0fc0-01fc-4ed4-aae0-c8b621477f01"
"Franclemont, J.G.","1973","Mimallonidea Mimallonoidae and Bombycoidea Apatelodidae, Bombycidae, Lasiocampidae","","The Moths of America North of Mexico","","","","","<!--MARK--><a href='nullb309b2e3-ad11-4012-ae52-7c6a19b3a251' class='mouseoverHref'>Franclemont, J.G. 1973. Mimallonidea Mimallonoidae and Bombycoidea Apatelodidae, Bombycidae, Lasiocampidae.</a> <!--MARK--><em>In,</em> <!--MARK--><a href='null80debc75-e541-48f7-abee-049df209dafd' class='mouseoverHref'>Dominick, R.B. <i>et al</i>. (eds). <em>The Moths of America North of Mexico</em>. London : E.W. Classey Limited and R.B.D. Publications Inc. Vol. 20.1. 86+viii pp., 11 pls.</a><!--MARK-->","","Chapter in Book","b309b2e3-ad11-4012-ae52-7c6a19b3a251","20081009T05:11:37.000+0000","80debc75-e541-48f7-abee-049df209dafd"
"Froggatt, W.W.","1907","Australian Insects","xiv 449 pp., 37 pls","","","","April 11, 1907","W. Brooks & Co.","<!--MARK--><a href='null2edcee0a-7f82-4d57-829e-3940a9cd2c65' class='mouseoverHref'>Froggatt, W.W. 1907. <em>Australian Insects</em>. Sydney : W. Brooks & Co. xiv 449 pp., 37 pls.</a><!--MARK--> [Date published April 11, 1907]","","Book","2edcee0a-7f82-4d57-829e-3940a9cd2c65","20110901T05:15:17.391+0000",""
"Gray, G.R.","1835","Description of a new species of Australian moth","121-123","","Transactions of the Entomological Society of London","","","","<!--MARK--><a href='null28a2aa00-1cee-4253-a0dd-2f0dc0a44575' class='mouseoverHref'>Gray, G.R. 1835. Description of a new species of Australian moth.</a> <!--MARK--><!--MARK--><a href='null5cf355b3-abc5-451e-9abc-ed3282d7811a' class='mouseoverHref'><em>Transactions of the Entomological Society of London</em></a> <strong>1</strong>: 121-123<!--MARK-->","","Article in Journal","28a2aa00-1cee-4253-a0dd-2f0dc0a44575","20081009T05:11:37.000+0000","5cf355b3-abc5-451e-9abc-ed3282d7811a"
"Grote, A.R.","1874","List of the Noctuidae of North America","1-77, 1 pl.","","Bulletin of the Buffalo Society of Natural Sciences","","","","<!--MARK--><a href='null7670357c-e621-4f95-a3b6-d0a97267ccb5' class='mouseoverHref'>Grote, A.R. 1874. List of the Noctuidae of North America.</a> <!--MARK--><!--MARK--><a href='null201fc0dd-4620-4cc4-878c-e14dd7a2836c' class='mouseoverHref'><em>Bulletin of the Buffalo Society of Natural Sciences</em></a> <strong>2</strong>: 1-77, 1 pl.<!--MARK-->","","Article in Journal","7670357c-e621-4f95-a3b6-d0a97267ccb5","20081009T05:11:37.000+0000","201fc0dd-4620-4cc4-878c-e14dd7a2836c"
"Grünberg, K.","1914","Neue Indo-australische Lasiocampiden","38-40","","Entomologische Rundschau","","","","<!--MARK--><a href='null3a5a70e0-eeeb-4d8e-9d3f-44939126d05b' class='mouseoverHref'>Grünberg, K. 1914. Neue Indo-australische Lasiocampiden.</a> <!--MARK--><!--MARK--><a href='null9fd9cec3-2d6b-4bcd-9cfc-8620e6715e0a' class='mouseoverHref'><em>Entomologische Rundschau</em></a> <strong>31</strong>: 38-40<!--MARK-->","","Article in Journal","3a5a70e0-eeeb-4d8e-9d3f-44939126d05b","20081009T05:11:37.000+0000","9fd9cec3-2d6b-4bcd-9cfc-8620e6715e0a"
"Grünberg, K.","1923","Lasiocampidae","pp. 391-415, pls 32, 33, 46","The Macrolepidoptera of the World. <B><i>10</B></i>. Bombyces and Sphinges of the Indo-Australian Region. <i>2 vols</i>","","","","","<!--MARK--><a href='null9f2ff6a8-fc69-4283-b611-393647638c6a' class='mouseoverHref'>Grünberg, K. 1923. Lasiocampidae. pp. 391-415, pls 32, 33, 46</a> <!--MARK--><em>in</em> <!--MARK--><a href='null8177c0c0-a0cb-4abc-9c23-457f7d0a0243' class='mouseoverHref'>Seitz, A. (ed.). <em>The Macrolepidoptera of the World. <B><i>10</B></i>. Bombyces and Sphinges of the Indo-Australian Region. <i>2 vols</i></em>. Stuttgart : Alfred Kernen Verlag 909 pp., 100 pls.</a><!--MARK-->","","Chapter in Book","9f2ff6a8-fc69-4283-b611-393647638c6a","20151014T23:28:16.691+0000","8177c0c0-a0cb-4abc-9c23-457f7d0a0243"
"Guillou, E.J.F. le","1841","Description de huit espèces de lépidoptères découverte pendant le voyage de la Zélée","291-295","","Revue de Zoologie, Paris","","","","<!--MARK--><a href='nullfc02bda3-8882-4ebc-9289-225cfdde864f' class='mouseoverHref'>Guillou, E.J.F. le 1841. Description de huit espèces de lépidoptères découverte pendant le voyage de la Zélée.</a> <!--MARK--><!--MARK--><a href='null13f58a1f-7ea9-4b5e-89f4-8889914becae' class='mouseoverHref'><em>Revue de Zoologie, Paris</em></a> <strong>4</strong>: 291-295<!--MARK-->","","Article in Journal","fc02bda3-8882-4ebc-9289-225cfdde864f","20081009T05:11:37.000+0000","13f58a1f-7ea9-4b5e-89f4-8889914becae"
"Herrich-Schäffer, G.A.W.","1855","Systematischer Bearbeitung, &c. dessen neuen Schmetterlingen aus Europa, &c. dann der von Hübner abgebildeten Raupen, &c","","","","","June","","<!--MARK--><a href='nullfaf96750-7b3d-41be-9018-b20f255850c0' class='mouseoverHref'>Herrich-Schäffer, G.A.W. 1855. <em>Systematischer Bearbeitung, &c. dessen neuen Schmetterlingen aus Europa, &c. dann der von Hübner abgebildeten Raupen, &c</em>. Regensburg Vol. 1.</a><!--MARK--> [Date published June]","","Book","faf96750-7b3d-41be-9018-b20f255850c0","20110406T23:53:32.301+0000",""
"Herrich-Schäffer, G.A.W.","1856","1850-[1869]. Sammlung neuer oder wenig bekannter aussereuropäischer Schmetterlinge","84+4 pp., 100+28 pls","","","","","G.J. Manz","<!--MARK--><a href='nullc7ea58a5-7805-4409-9857-727d633d6b9e' class='mouseoverHref'>Herrich-Schäffer, G.A.W. 1856. <em>1850-[1869]. Sammlung neuer oder wenig bekannter aussereuropäischer Schmetterlinge</em>. Regensburg : G.J. Manz 84+4 pp., 100+28 pls.</a><!--MARK-->","","Book","c7ea58a5-7805-4409-9857-727d633d6b9e","20081009T05:11:37.000+0000",""
"Herrich-Schäffer, G.A.W.","1858","1850-[1869]. Sammlung neuer, oder wenig bekannter, Aussereuropäischer Schmetterlinge","","","","","","G.J. Manz","<!--MARK--><a href='null1240492f-7fda-4fa7-a038-a83f967083e2' class='mouseoverHref'>Herrich-Schäffer, G.A.W. 1858. <em>1850-[1869]. Sammlung neuer, oder wenig bekannter, Aussereuropäischer Schmetterlinge</em>. Regensburg : G.J. Manz.</a><!--MARK-->","","Book","1240492f-7fda-4fa7-a038-a83f967083e2","20081009T05:11:37.000+0000",""
"Hübner, J.","1819 [1816-1826]","Verzeichniss bekannter Schmettlinge","17-176 pp.","","","","","Jacob Hübner","<!--MARK--><a href='nullbbc7e4fc-4d92-4e90-9a7a-2b391a6bd8f8' class='mouseoverHref'>Hübner, J. 1819 [1816-1826]. <em>Verzeichniss bekannter Schmettlinge</em>. Augsburg, Germany : Jacob Hübner 17-176 pp.</a><!--MARK--> [issued 1819, dated 1816-1826]","issued 1819, dated 1816-1826","Book","bbc7e4fc-4d92-4e90-9a7a-2b391a6bd8f8","20200919T10:08:08.175+0000",""
"Hulstaert, P.G.","1924","New Indo-Australian Noctuidae","97-127","","Annals and Magazine of Natural History","","","","<!--MARK--><a href='nullb9f6be01-5692-4c30-86c6-f3cb5f5f8b08' class='mouseoverHref'>Hulstaert, P.G. 1924. New Indo-Australian Noctuidae.</a> <!--MARK--><!--MARK--><a href='nullefa8de69-3a29-4a43-8ef2-cbefda205976' class='mouseoverHref'><em>Annals and Magazine of Natural History</em></a> 9 <strong>13</strong>: 97-127<!--MARK-->","","Article in Journal","b9f6be01-5692-4c30-86c6-f3cb5f5f8b08","20111107T22:34:58.953+0000","efa8de69-3a29-4a43-8ef2-cbefda205976"
"Hulstaert, P.G.","1928","Lepidoptera Heterocera. Fam. Anthelidae","1-13, pl. 1","","Genera Insectorum","","","","<!--MARK--><a href='null437ce65f-4f06-4f68-a903-a293b39891d1' class='mouseoverHref'>Hulstaert, P.G. 1928. Lepidoptera Heterocera. Fam. Anthelidae.</a> <!--MARK--><!--MARK--><a href='null4c51e483-ab8d-45df-b8af-97a7abe21cba' class='mouseoverHref'><em>Genera Insectorum</em></a> <strong>191</strong>: 1-13, pl. 1<!--MARK-->","","Article in Journal","437ce65f-4f06-4f68-a903-a293b39891d1","20081009T05:11:37.000+0000","4c51e483-ab8d-45df-b8af-97a7abe21cba"
"Joicey, J.J. & Talbot, G.","1916","New Lepidoptera from Dutch New Guinea","68-90","","Annals and Magazine of Natural History","","","","<!--MARK--><a href='nulla61f94c4-0c8e-409e-869d-e966305eef7f' class='mouseoverHref'>Joicey, J.J. & Talbot, G. 1916. New Lepidoptera from Dutch New Guinea.</a> <!--MARK--><!--MARK--><a href='nullefa8de69-3a29-4a43-8ef2-cbefda205976' class='mouseoverHref'><em>Annals and Magazine of Natural History</em></a> <strong>17</strong>: 68-90<!--MARK-->","","Article in Journal","a61f94c4-0c8e-409e-869d-e966305eef7f","20081009T05:11:37.000+0000","efa8de69-3a29-4a43-8ef2-cbefda205976"
"Jordan, H.E.K.","1910","New Saturnidae","470-476","","Novitates Zoologicae","","","","<!--MARK--><a href='nullaea9f360-1287-49cc-9d1f-134164d150b5' class='mouseoverHref'>Jordan, H.E.K. 1910. New Saturnidae.</a> <!--MARK--><!--MARK--><a href='null25791c0c-6650-411b-b9d3-6433789fce38' class='mouseoverHref'><em>Novitates Zoologicae</em></a> <strong>17</strong>: 470-476<!--MARK-->","","Article in Journal","aea9f360-1287-49cc-9d1f-134164d150b5","20081009T05:11:37.000+0000","25791c0c-6650-411b-b9d3-6433789fce38"
"Kirby, W.F.","1892","A Synonymic Catalogue of Lepidoptera Heterocera (moths). Sphinges and Bombyces","xii 951 pp.","","","","","Gurney & Jackson","<!--MARK--><a href='null47c0e41b-4fbc-414a-a0ac-d91a3c28f662' class='mouseoverHref'>Kirby, W.F. 1892. <em>A Synonymic Catalogue of Lepidoptera Heterocera (moths). Sphinges and Bombyces</em>. London : Gurney & Jackson Vol. 1 xii 951 pp.</a><!--MARK-->","","Book","47c0e41b-4fbc-414a-a0ac-d91a3c28f662","20081009T05:11:37.000+0000",""
"Lane, D.","2003","A new species of <i>Syntherata</i> Maasen (Lepidoptera: Saturniidae) from nothern Australia","6-12","","Butterfly & Other Inverterbrates Club Inc. Newsletter","","","","<!--MARK--><a href='nullfd0c7a45-38ce-4af1-90c0-281320c1b9d5' class='mouseoverHref'>Lane, D. 2003. A new species of <i>Syntherata</i> Maasen (Lepidoptera: Saturniidae) from nothern Australia.</a> <!--MARK--><!--MARK--><a href='null00522df1-6f65-412f-aa08-0acc09d48780' class='mouseoverHref'><em>Butterfly & Other Inverterbrates Club Inc. Newsletter</em></a> <strong>31</strong>: 6-12<!--MARK-->","","Article in Journal","fd0c7a45-38ce-4af1-90c0-281320c1b9d5","20110310T05:10:11.750+0000","00522df1-6f65-412f-aa08-0acc09d48780"
"Lane, D.A.","1995","A new species of <i>Opodiphthera</i> Wallengren (Lepidoptera: Saturniidae) from northern Australia","115-122","","Australian Entomologist","","","","<!--MARK--><a href='null5576e286-9514-4165-8cee-4965eb20e4d5' class='mouseoverHref'>Lane, D.A. 1995. A new species of <i>Opodiphthera</i> Wallengren (Lepidoptera: Saturniidae) from northern Australia.</a> <!--MARK--><!--MARK--><a href='null3ffa056e-e79b-45d8-a5e0-27f16422b74e' class='mouseoverHref'><em>Australian Entomologist</em></a> <strong>22</strong>: 115-122<!--MARK-->","","Article in Journal","5576e286-9514-4165-8cee-4965eb20e4d5","20081009T05:11:37.000+0000","3ffa056e-e79b-45d8-a5e0-27f16422b74e"
"Lane, D.A., Edwards, E.D. & Naumann, S.","2010","A revision of the genus <i>Syntherata</i> Maasen, 1873 (Lepidoptera: Saturniidae) within Australia, with the description of three new species, and descriptions of their life histories","1-39","","The European Entomologist","","","","<!--MARK--><a href='nullb6225786-45c1-444d-9c9f-cd7e6f3aa441' class='mouseoverHref'>Lane, D.A., Edwards, E.D. & Naumann, S. 2010. A revision of the genus <i>Syntherata</i> Maasen, 1873 (Lepidoptera: Saturniidae) within Australia, with the description of three new species, and descriptions of their life histories.</a> <!--MARK--><!--MARK--><a href='null0a554014-7979-47fe-8d7d-47c913c521a6' class='mouseoverHref'><em>The European Entomologist</em></a> <strong>3</strong>(1): 1-39<!--MARK-->","","Article in Journal","b6225786-45c1-444d-9c9f-cd7e6f3aa441","20110310T05:40:16.733+0000","0a554014-7979-47fe-8d7d-47c913c521a6"
"Lane, D.A., Martin, G. & Weir, R.P.","2010","The life history of <i>Attacus wardi</i> Rothschild (Lepidoptera: Saturniidae) from the Northern Territory, Australia","115-127","","Australian Entomologist","","","","<!--MARK--><a href='null5e400e27-c255-440b-993a-6d331a42f148' class='mouseoverHref'>Lane, D.A., Martin, G. & Weir, R.P. 2010. The life history of <i>Attacus wardi</i> Rothschild (Lepidoptera: Saturniidae) from the Northern Territory, Australia.</a> <!--MARK--><!--MARK--><a href='null3ffa056e-e79b-45d8-a5e0-27f16422b74e' class='mouseoverHref'><em>Australian Entomologist</em></a> <strong>37</strong>(3): 115-127<!--MARK-->","","Article in Journal","5e400e27-c255-440b-993a-6d331a42f148","20101122T00:17:01.704+0000","3ffa056e-e79b-45d8-a5e0-27f16422b74e"
"Le Moult, E.","1933","Formes nouvelles ou peu connues de Saturnidae (Lép.) (1re note)","20-23, 3 pls","","Novitates Entomologicae","","","","<!--MARK--><a href='null4d1f038a-c3a3-49b1-a664-53ade532a344' class='mouseoverHref'>Le Moult, E. 1933. Formes nouvelles ou peu connues de Saturnidae (Lép.) (1re note).</a> <!--MARK--><!--MARK--><a href='null3b10c530-2504-4072-8bab-288972027cb8' class='mouseoverHref'><em>Novitates Entomologicae</em></a> <strong>3</strong>: 20-23, 3 pls<!--MARK-->","","Article in Journal","4d1f038a-c3a3-49b1-a664-53ade532a344","20081009T05:11:37.000+0000","3b10c530-2504-4072-8bab-288972027cb8"
"Lewin, J.W.","1805","Prodromus Entomology. Natural History of Lepidopterous Insects of New South Wales.","18 pls and text (letterpress)","","","","","T. Bensley","<!--MARK--><a href='null87aa0a7c-cbf8-4af4-82eb-4df4f0f76a90' class='mouseoverHref'>Lewin, J.W. 1805. <em>Prodromus Entomology. Natural History of Lepidopterous Insects of New South Wales</em>. London : T. Bensley 18 pls and text (letterpress).</a><!--MARK-->","","Book","87aa0a7c-cbf8-4af4-82eb-4df4f0f76a90","20110324T05:08:45.723+0000",""
"Linnaeus, C.","1758","Systema naturae per regna tria naturae, secundem classes, ordines, genera, species, cum characteribus, differentis, synonymis, locis. Editio decima, reformata","824","","","","","Laurentii Salvii","<!--MARK--><a href='null95f7aebe-acdc-4241-a7a8-403bf099042e' class='mouseoverHref'>Linnaeus, C. 1758. <em>Systema naturae per regna tria naturae, secundem classes, ordines, genera, species, cum characteribus, differentis, synonymis, locis. Editio decima, reformata</em>. Holmiae : Laurentii Salvii Tomus I 824 pp.</a><!--MARK-->","","Book","95f7aebe-acdc-4241-a7a8-403bf099042e","20171116T23:58:37.127+0000",""
"Linnaeus, C.","1767","Systema naturae, per regna tria naturae, secundum classes, ordines, genera, species, cum caracteribus, differentiis, synonymis, locis","533-1327","","","","","L. Salvii","<!--MARK--><a href='null174f0e14-83ab-4eda-b572-66433f089d67' class='mouseoverHref'>Linnaeus, C. 1767. <em>Systema naturae, per regna tria naturae, secundum classes, ordines, genera, species, cum caracteribus, differentiis, synonymis, locis</em>. Holmiae [= Stockholm] : L. Salvii Tomus I. Regnum Animale(pars 2) Editio duodecima, reformata [3 vols., 1766-68], pp. 533-1327.</a><!--MARK-->","","Book","174f0e14-83ab-4eda-b572-66433f089d67","20171116T03:21:59.597+0000",""
"Lower, O.B.","1892","Descriptions of New South Australian Lepidoptera","5-17","","Transactions of the Royal Society of South Australia","","","","<!--MARK--><a href='null027c9617-a2b8-460e-ad36-b4cda02d2655' class='mouseoverHref'>Lower, O.B. 1892. Descriptions of New South Australian Lepidoptera.</a> <!--MARK--><!--MARK--><a href='null8b48b0a3-dd7a-4aea-be0d-10a223710ebc' class='mouseoverHref'><em>Transactions of the Royal Society of South Australia</em></a> <strong>15</strong>: 5-17<!--MARK-->","","Article in Journal","027c9617-a2b8-460e-ad36-b4cda02d2655","20081009T05:11:37.000+0000","8b48b0a3-dd7a-4aea-be0d-10a223710ebc"
"Lower, O.B.","1893","A catalogue of Victorian Heterocera. Part i-vii","12-15, 31-34, 51-54, 65-68, 81-84, 97-100, 113-116","","Victorian Naturalist","","","","<!--MARK--><a href='nulldf8abc83-5b82-42c0-8ca1-f2757d9cc07b' class='mouseoverHref'>Lower, O.B. 1893. A catalogue of Victorian Heterocera. Part i-vii.</a> <!--MARK--><!--MARK--><a href='null97b8093b-d60f-43a6-94fc-97de34f03b6b' class='mouseoverHref'><em>Victorian Naturalist</em></a> <strong>10</strong>: 12-15, 31-34, 51-54, 65-68, 81-84, 97-100, 113-116<!--MARK-->","","Article in Journal","df8abc83-5b82-42c0-8ca1-f2757d9cc07b","20081009T05:11:37.000+0000","97b8093b-d60f-43a6-94fc-97de34f03b6b"
"Lower, O.B.","1893","New Australian Lepidoptera","146-185","","Transactions of the Royal Society of South Australia","","","","<!--MARK--><a href='null8ef8f5f2-a400-4dd4-931b-da281d213232' class='mouseoverHref'>Lower, O.B. 1893. New Australian Lepidoptera.</a> <!--MARK--><!--MARK--><a href='null8b48b0a3-dd7a-4aea-be0d-10a223710ebc' class='mouseoverHref'><em>Transactions of the Royal Society of South Australia</em></a> <strong>17</strong>(1): 146-185<!--MARK-->","","Article in Journal","8ef8f5f2-a400-4dd4-931b-da281d213232","20081009T05:11:37.000+0000","8b48b0a3-dd7a-4aea-be0d-10a223710ebc"
"Lower, O.B.","1894","New Australian Heterocera","77-113","","Transactions of the Royal Society of South Australia","","","","<!--MARK--><a href='null96439392-c541-4b47-a74c-57dbe717b231' class='mouseoverHref'>Lower, O.B. 1894. New Australian Heterocera.</a> <!--MARK--><!--MARK--><a href='null8b48b0a3-dd7a-4aea-be0d-10a223710ebc' class='mouseoverHref'><em>Transactions of the Royal Society of South Australia</em></a> <strong>18</strong>: 77-113<!--MARK-->","","Article in Journal","96439392-c541-4b47-a74c-57dbe717b231","20081009T05:11:37.000+0000","8b48b0a3-dd7a-4aea-be0d-10a223710ebc"
"Lower, O.B.","1900","Descriptions of new Australian Lepidoptera","29-51, 403-423","","Proceedings of the Linnean Society of New South Wales","","","","<!--MARK--><a href='null3b86edac-4f4a-4d7e-a94b-da8212083d3b' class='mouseoverHref'>Lower, O.B. 1900. Descriptions of new Australian Lepidoptera.</a> <!--MARK--><!--MARK--><a href='nullc12cd779-adb5-41ea-bd2c-75f6864cf22e' class='mouseoverHref'><em>Proceedings of the Linnean Society of New South Wales</em></a> <strong>25</strong>: 29-51, 403-423<!--MARK-->","","Article in Journal","3b86edac-4f4a-4d7e-a94b-da8212083d3b","20081009T05:11:37.000+0000","c12cd779-adb5-41ea-bd2c-75f6864cf22e"
"Lower, O.B.","1902","Descriptions of new genera and species of Australian Lepidoptera","212-247","","Transactions of the Royal Society of South Australia","","","","<!--MARK--><a href='null62356809-5b91-4c81-a817-346de4485261' class='mouseoverHref'>Lower, O.B. 1902. Descriptions of new genera and species of Australian Lepidoptera.</a> <!--MARK--><!--MARK--><a href='null8b48b0a3-dd7a-4aea-be0d-10a223710ebc' class='mouseoverHref'><em>Transactions of the Royal Society of South Australia</em></a> <strong>26</strong>: 212-247<!--MARK-->","","Article in Journal","62356809-5b91-4c81-a817-346de4485261","20081009T05:11:37.000+0000","8b48b0a3-dd7a-4aea-be0d-10a223710ebc"
"Lower, O.B.","1903","Descriptions of new genera and species of Australian Lepidoptera","183-201","","Transactions of the Royal Society of South Australia","","","","<!--MARK--><a href='nullfc60e0a0-1bec-461e-a282-323a132ac6e6' class='mouseoverHref'>Lower, O.B. 1903. Descriptions of new genera and species of Australian Lepidoptera.</a> <!--MARK--><!--MARK--><a href='null8b48b0a3-dd7a-4aea-be0d-10a223710ebc' class='mouseoverHref'><em>Transactions of the Royal Society of South Australia</em></a> <strong>27</strong>: 183-201<!--MARK-->","","Article in Journal","fc60e0a0-1bec-461e-a282-323a132ac6e6","20081009T05:11:37.000+0000","8b48b0a3-dd7a-4aea-be0d-10a223710ebc"
"Lower, O.B.","1905","Descriptions of new Australian Lepidoptera, with synonymic notes. No. XXIII","173-180","","Transactions of the Royal Society of South Australia","","","","<!--MARK--><a href='null40380407-1e88-4d46-8bd6-45c1f5630bd3' class='mouseoverHref'>Lower, O.B. 1905. Descriptions of new Australian Lepidoptera, with synonymic notes. No. XXIII.</a> <!--MARK--><!--MARK--><a href='null8b48b0a3-dd7a-4aea-be0d-10a223710ebc' class='mouseoverHref'><em>Transactions of the Royal Society of South Australia</em></a> <strong>29</strong>: 173-180<!--MARK-->","","Article in Journal","40380407-1e88-4d46-8bd6-45c1f5630bd3","20081009T05:11:37.000+0000","8b48b0a3-dd7a-4aea-be0d-10a223710ebc"
"Lower, O.B.","1908","New Australian Lepidoptera. No. XXV","110-120","","Transactions of the Royal Society of South Australia","","","","<!--MARK--><a href='nulld49e733f-d278-48e7-b568-7ce35676817b' class='mouseoverHref'>Lower, O.B. 1908. New Australian Lepidoptera. No. XXV.</a> <!--MARK--><!--MARK--><a href='null8b48b0a3-dd7a-4aea-be0d-10a223710ebc' class='mouseoverHref'><em>Transactions of the Royal Society of South Australia</em></a> <strong>32</strong>: 110-120<!--MARK-->","","Article in Journal","d49e733f-d278-48e7-b568-7ce35676817b","20081009T05:11:37.000+0000","8b48b0a3-dd7a-4aea-be0d-10a223710ebc"
"Lower, O.B.","1917","The Lepidoptera of Broken Hill. New South Wales. Pt III","369-377","","Transactions of the Royal Society of South Australia","","","","<!--MARK--><a href='null6bd12dc2-6e6f-410d-bb3d-0befe21bd279' class='mouseoverHref'>Lower, O.B. 1917. The Lepidoptera of Broken Hill. New South Wales. Pt III.</a> <!--MARK--><!--MARK--><a href='null8b48b0a3-dd7a-4aea-be0d-10a223710ebc' class='mouseoverHref'><em>Transactions of the Royal Society of South Australia</em></a> <strong>41</strong>: 369-377<!--MARK-->","","Article in Journal","6bd12dc2-6e6f-410d-bb3d-0befe21bd279","20081009T05:11:37.000+0000","8b48b0a3-dd7a-4aea-be0d-10a223710ebc"
"Lucas, T.P.","1891","On Queensland and other Australian Lepidoptera with descriptions of new species","277-306","","Proceedings of the Linnean Society of New South Wales","","","","<!--MARK--><a href='null59202445-0ac6-4cc4-9fa5-182f3fbf41ab' class='mouseoverHref'>Lucas, T.P. 1891. On Queensland and other Australian Lepidoptera with descriptions of new species.</a> <!--MARK--><!--MARK--><a href='nullc12cd779-adb5-41ea-bd2c-75f6864cf22e' class='mouseoverHref'><em>Proceedings of the Linnean Society of New South Wales</em></a> 2 <strong>6</strong>(2): 277-306<!--MARK-->","","Article in Journal","59202445-0ac6-4cc4-9fa5-182f3fbf41ab","20081009T05:11:37.000+0000","c12cd779-adb5-41ea-bd2c-75f6864cf22e"
"Lucas, T.P.","1892","On 34 new species of Australian Lepidoptera, with additional localities, &c","68-94","","Proceedings of the Royal Society of Queensland","","","","<!--MARK--><a href='null9240c464-4a00-4aa8-895e-a8ede2455ae5' class='mouseoverHref'>Lucas, T.P. 1892. On 34 new species of Australian Lepidoptera, with additional localities, &c.</a> <!--MARK--><!--MARK--><a href='null642ab613-813a-48d0-8bc0-42c78157f7b0' class='mouseoverHref'><em>Proceedings of the Royal Society of Queensland</em></a> <strong>8</strong>(3): 68-94<!--MARK-->","","Article in Journal","9240c464-4a00-4aa8-895e-a8ede2455ae5","20081009T05:11:37.000+0000","642ab613-813a-48d0-8bc0-42c78157f7b0"
"Lucas, T.P.","1894","Descriptions of new Australian Lepidoptera, with additional localities for known species","133-166","","Proceedings of the Linnean Society of New South Wales","","","","<!--MARK--><a href='nulldc9d861b-ed6f-4abc-91af-9e91d5fa8a02' class='mouseoverHref'>Lucas, T.P. 1894. Descriptions of new Australian Lepidoptera, with additional localities for known species.</a> <!--MARK--><!--MARK--><a href='nullc12cd779-adb5-41ea-bd2c-75f6864cf22e' class='mouseoverHref'><em>Proceedings of the Linnean Society of New South Wales</em></a> 2 <strong>8</strong>: 133-166<!--MARK-->","","Article in Journal","dc9d861b-ed6f-4abc-91af-9e91d5fa8a02","20120110T02:15:17.998+0000","c12cd779-adb5-41ea-bd2c-75f6864cf22e"
"Lucas, T.P.","1895","Australian Lepidoptera: thirty new species","103-116","","Transactions of the Natural History Society of Queensland","","","","<!--MARK--><a href='null6a65ba15-c6aa-4414-adaa-66e11667422f' class='mouseoverHref'>Lucas, T.P. 1895. Australian Lepidoptera: thirty new species.</a> <!--MARK--><!--MARK--><a href='null890eac74-0abc-4082-91b3-d055cabd9340' class='mouseoverHref'><em>Transactions of the Natural History Society of Queensland</em></a> <strong>1</strong>: 103-116<!--MARK-->","","Article in Journal","6a65ba15-c6aa-4414-adaa-66e11667422f","20081009T05:11:37.000+0000","890eac74-0abc-4082-91b3-d055cabd9340"
"Lucas, T.P.","1901","Queensland Lepidoptera","73-95","","Proceedings of the Royal Society of Queensland","","","","<!--MARK--><a href='nullc5c7e9dc-0180-4ada-b437-3673b70ae2de' class='mouseoverHref'>Lucas, T.P. 1901. Queensland Lepidoptera.</a> <!--MARK--><!--MARK--><a href='null642ab613-813a-48d0-8bc0-42c78157f7b0' class='mouseoverHref'><em>Proceedings of the Royal Society of Queensland</em></a> <strong>16</strong>: 73-95<!--MARK-->","","Article in Journal","c5c7e9dc-0180-4ada-b437-3673b70ae2de","20081009T05:11:37.000+0000","642ab613-813a-48d0-8bc0-42c78157f7b0"
"Maasen in Maasen & Weymer","1873","<i>Beitrage zur Schmetterlinge</i>","","","","","","","<!--MARK--><a href='nulla67a5b4b-17b9-44b4-9e5b-36baed896952' class='mouseoverHref'>Maasen <i>in</i> Maasen & Weymer 1873. <i>Beitrage zur Schmetterlinge</i>. Part 3.</a>","","Miscellaneous","a67a5b4b-17b9-44b4-9e5b-36baed896952","20081009T05:11:37.000+0000",""
"McFarland, N.","1979","Annotated list of larval foodplant records for 280 species of Australian moths","i-ii, 1-72","","Journal of Lepidoptera Research Supplement","","","","<!--MARK--><a href='nullcce71fe7-8589-4aa1-a421-edb47a38b998' class='mouseoverHref'>McFarland, N. 1979. Annotated list of larval foodplant records for 280 species of Australian moths.</a> <!--MARK--><!--MARK--><a href='null28085831-b72c-47e1-9e17-b01acd898ed0' class='mouseoverHref'><em>Journal of Lepidoptera Research Supplement</em></a> <strong>3</strong>: i-ii, 1-72<!--MARK-->","","Article in Journal","cce71fe7-8589-4aa1-a421-edb47a38b998","20081009T05:11:37.000+0000","28085831-b72c-47e1-9e17-b01acd898ed0"
"Meyrick, E.","1891","Description of New Australian Lepidoptera","188-192 (July), 193-199 (Dec.)","","Transactions of the Royal Society of South Australia","","","","<!--MARK--><a href='null6f40a31f-d3d5-465d-a8b8-d5a09b32ca74' class='mouseoverHref'>Meyrick, E. 1891. Description of New Australian Lepidoptera.</a> <!--MARK--><!--MARK--><a href='null8b48b0a3-dd7a-4aea-be0d-10a223710ebc' class='mouseoverHref'><em>Transactions of the Royal Society of South Australia</em></a> <strong>14</strong>: 188-192 (July), 193-199 (Dec.)<!--MARK-->","","Article in Journal","6f40a31f-d3d5-465d-a8b8-d5a09b32ca74","20081009T05:11:37.000+0000","8b48b0a3-dd7a-4aea-be0d-10a223710ebc"
"Minet, J.","1994","The Bombycoidea: phylogeny and higher classification (Lepidoptera: Glossata)","63-88","","Entomologica Scandinavica","","","","<!--MARK--><a href='null02cf7535-d86a-4ec6-bbdb-50efac619e92' class='mouseoverHref'>Minet, J. 1994. The Bombycoidea: phylogeny and higher classification (Lepidoptera: Glossata).</a> <!--MARK--><!--MARK--><a href='nullbb9374e3-b7d9-4c48-a5cd-2fb7a1185a84' class='mouseoverHref'><em>Entomologica Scandinavica</em></a> <strong>25</strong>: 63-88<!--MARK-->","","Article in Journal","02cf7535-d86a-4ec6-bbdb-50efac619e92","20081009T05:11:37.000+0000","bb9374e3-b7d9-4c48-a5cd-2fb7a1185a84"
"Miskin, W.H.","1876","[<i>Attacus hercules</i> taken in the neighbourhood of Cape York]","xxvi","","Journal and Proceedings of the Entomological Society of London","","","","<!--MARK--><a href='nulla0671c0f-f325-4207-84a9-6dee226e9381' class='mouseoverHref'>Miskin, W.H. 1876. [<i>Attacus hercules</i> taken in the neighbourhood of Cape York].</a> <!--MARK--><!--MARK--><a href='null6f9e51f4-179a-4995-a083-703b80c9d0f7' class='mouseoverHref'><em>Journal and Proceedings of the Entomological Society of London</em></a> <strong>1875</strong>: xxvi<!--MARK-->","","Article in Journal","a0671c0f-f325-4207-84a9-6dee226e9381","20120507T21:42:00.952+0000","6f9e51f4-179a-4995-a083-703b80c9d0f7"
"Möschler, H.B.","1872","Neue exotische Schmetterlinge","336-362","","Stettiner Entomologische Zeitung","","","","<!--MARK--><a href='nullfe0f8b8f-a40c-4417-b8cf-e2277ce4e415' class='mouseoverHref'>Möschler, H.B. 1872. Neue exotische Schmetterlinge.</a> <!--MARK--><!--MARK--><a href='null465e4fb4-3888-447c-909a-af4f7a23b95d' class='mouseoverHref'><em>Stettiner Entomologische Zeitung</em></a> <strong>33</strong>: 336-362<!--MARK-->","","Article in Journal","fe0f8b8f-a40c-4417-b8cf-e2277ce4e415","20081009T05:11:37.000+0000","465e4fb4-3888-447c-909a-af4f7a23b95d"
"Newman, E.","1856","Characters of a few Australian Lepidoptera, collected by Mr. Thomas R. Oxley","281-300, pl. 18","","Transactions of the Entomological Society of London","","April 1856","","<!--MARK--><a href='null346912e5-b578-4d00-8d08-55a744f5297f' class='mouseoverHref'>Newman, E. 1856. Characters of a few Australian Lepidoptera, collected by Mr. Thomas R. Oxley.</a> <!--MARK--><!--MARK--><a href='null5cf355b3-abc5-451e-9abc-ed3282d7811a' class='mouseoverHref'><em>Transactions of the Entomological Society of London</em></a> 2 <strong>3</strong>(8): 281-300, pl. 18<!--MARK--> [Date published April 1856]","","Article in Journal","346912e5-b578-4d00-8d08-55a744f5297f","20111129T03:43:38.199+0000","5cf355b3-abc5-451e-9abc-ed3282d7811a"
"Nielsen, E.S., Edwards, E.D. & Rangsi, T.V. (eds)","1996","Checklist of the Lepidoptera of Australia. Monographs on Australian Lepidoptera","xiv 529 pp. & CD-ROM","","","","","CSIRO Publishing","<!--MARK--><a href='null378b3781-ecbb-4844-8fe3-625daadd926d' class='mouseoverHref'>Nielsen, E.S., Edwards, E.D. & Rangsi, T.V. (eds) 1996. <em>Checklist of the Lepidoptera of Australia. Monographs on Australian Lepidoptera</em>. Collingwood : CSIRO Publishing Vol. 4 xiv 529 pp. & CD-ROM.</a><!--MARK-->","","Book","378b3781-ecbb-4844-8fe3-625daadd926d","20121106T05:35:37.444+0000",""
"Nielsen, E.S. & Common, I.F.B.","1991","Lepidoptera (Moths and Butterflies)","pp. 817-915, pls 7, 8","The Insects of Australia. 2 vols","","","","","<!--MARK--><a href='null20b59062-228a-46b3-bcdb-7499abb74552' class='mouseoverHref'>Nielsen, E.S. & Common, I.F.B. 1991. Lepidoptera (Moths and Butterflies). pp. 817-915, pls 7, 8</a> <!--MARK--><em>in</em> <!--MARK--><a href='null2f1f89d3-0ee5-41fc-869e-1dfa3f9f0050' class='mouseoverHref'>CSIRO (ed.). <em>The Insects of Australia. 2 vols</em>. Carlton : Melbourne University Press xiii + vi + 1075 pp., 8 pls.</a><!--MARK-->","","Chapter in Book","20b59062-228a-46b3-bcdb-7499abb74552","20120305T22:21:53.512+0000","2f1f89d3-0ee5-41fc-869e-1dfa3f9f0050"
"Nielson, E.S., Edwards, E.D. & Rangsi, T.V.","1996","Checklist of the Lepidoptera of Australia","i-xiv, 1-529 & CD-ROM","","Monographs on Australian Lepidoptera","","","","<!--MARK--><a href='nullc003233d-9535-4847-8a57-f418d5042820' class='mouseoverHref'>Nielson, E.S., Edwards, E.D. & Rangsi, T.V. 1996. Checklist of the Lepidoptera of Australia.</a> <!--MARK--><!--MARK--><a href='null3820f42d-af14-449e-a37e-97e94dd8d1ce' class='mouseoverHref'><em>Monographs on Australian Lepidoptera</em></a> <strong>4</strong>: i-xiv, 1-529 & CD-ROM<!--MARK-->","","Article in Journal","c003233d-9535-4847-8a57-f418d5042820","20140119T23:03:41.649+0000","3820f42d-af14-449e-a37e-97e94dd8d1ce"
"Niepelt, W.","1934","Ueber einige Saturniidae (Lepidopt.)","161-164, 1 pl. 2 figs","","Internationale Entomologische Zeitschrift","","","","<!--MARK--><a href='nullcd762a5b-7a81-4cf7-b8f2-195ed8f99749' class='mouseoverHref'>Niepelt, W. 1934. Ueber einige Saturniidae (Lepidopt.).</a> <!--MARK--><!--MARK--><a href='nulle3c0a9cb-45f7-44c7-b683-0c27ecc24c0e' class='mouseoverHref'><em>Internationale Entomologische Zeitschrift</em></a> <strong>28</strong>: 161-164, 1 pl. 2 figs<!--MARK-->","","Article in Journal","cd762a5b-7a81-4cf7-b8f2-195ed8f99749","20081009T05:11:37.000+0000","e3c0a9cb-45f7-44c7-b683-0c27ecc24c0e"
"Niepelt, W.","1936","[Details not found]","","","Entomologische Zeitschrift","","","","<!--MARK--><a href='nullb2e303a0-578d-4ac7-8b6d-58bc5ab4802f' class='mouseoverHref'>Niepelt, W. 1936. [Details not found].</a> <!--MARK--><!--MARK--><a href='null4986b67e-4b2b-48cd-abaa-a47c9fc2678a' class='mouseoverHref'><em>Entomologische Zeitschrift</em></a> <strong>49</strong><!--MARK-->","","Article in Journal","b2e303a0-578d-4ac7-8b6d-58bc5ab4802f","20081009T05:11:37.000+0000","4986b67e-4b2b-48cd-abaa-a47c9fc2678a"
"Oberprieler, R.G., Nässig, W.A. & Edwards, E.D.","2003","<i>Ebbepterote</i>, a new geus for the Australian '<i>Eupterote</i>' <i>expansa</i> (T.P. Lucas), with a revised classification of the family Eupterotidae (Lepidoptera)","99-110","","Invertebrate Systematics","","","","<!--MARK--><a href='nullcfbf6604-1585-46b4-abf5-73d6281a92f9' class='mouseoverHref'>Oberprieler, R.G., Nässig, W.A. & Edwards, E.D. 2003. <i>Ebbepterote</i>, a new geus for the Australian '<i>Eupterote</i>' <i>expansa</i> (T.P. Lucas), with a revised classification of the family Eupterotidae (Lepidoptera).</a> <!--MARK--><!--MARK--><a href='null7ef62e6c-73cc-4912-8ea7-5752f95e8e8a' class='mouseoverHref'><em>Invertebrate Systematics</em></a> <strong>17</strong>: 99-110<!--MARK-->","","Article in Journal","cfbf6604-1585-46b4-abf5-73d6281a92f9","20121202T21:18:31.028+0000","7ef62e6c-73cc-4912-8ea7-5752f95e8e8a"
"Oberthür, C.","1914","Etudes de  Lépidoptérologie comparée. <i>Fasc. 9(ii)</i>","180","","","","","","<!--MARK--><a href='nullf7b44bbd-2c33-4331-8379-b1d6a3658b58' class='mouseoverHref'>Oberthür, C. 1914. <em>Etudes de  Lépidoptérologie comparée. <i>Fasc. 9(ii)</i></em>. Rennes Vol. 9 180 pp.</a><!--MARK-->","","Book","f7b44bbd-2c33-4331-8379-b1d6a3658b58","20081009T05:11:37.000+0000",""
"Peigler, R.S.","1989","A revision of the Indo-Australian genus <i>Attacus</i>","xi+167 pp.","","","","","The Lepidoptera Reseach Foundation","<!--MARK--><a href='nullbf79d7ca-194d-4deb-a7ec-317f8cac5c47' class='mouseoverHref'>Peigler, R.S. 1989. <em>A revision of the Indo-Australian genus <i>Attacus</i></em>. Beverly Hills : The Lepidoptera Reseach Foundation xi+167 pp.</a><!--MARK-->","","Book","bf79d7ca-194d-4deb-a7ec-317f8cac5c47","20081009T05:11:37.000+0000",""
"Perry","1811","[Details not found]","","","Arcana Entomologica: or Illustrations of New, Rare, and Interesting Insects","","","","<!--MARK--><a href='null0167d0a6-9038-48ac-9f77-6506f4641412' class='mouseoverHref'>Perry 1811. [Details not found].</a> <!--MARK--><!--MARK--><a href='null9b5d3050-ad89-4903-97a1-fc24eac1b763' class='mouseoverHref'><em>Arcana Entomologica: or Illustrations of New, Rare, and Interesting Insects</em></a> <!--MARK-->","","Article in Journal","0167d0a6-9038-48ac-9f77-6506f4641412","20081009T05:11:37.000+0000","9b5d3050-ad89-4903-97a1-fc24eac1b763"
"Rosenstock, R.","1885","Notes on Australian Lepidoptera, with descriptions of new species","376-385, 421-443","","Annals and Magazine of Natural History","","","","<!--MARK--><a href='null0ce7fd7d-fdaa-4621-95c6-7768e3d6be99' class='mouseoverHref'>Rosenstock, R. 1885. Notes on Australian Lepidoptera, with descriptions of new species.</a> <!--MARK--><!--MARK--><a href='nullefa8de69-3a29-4a43-8ef2-cbefda205976' class='mouseoverHref'><em>Annals and Magazine of Natural History</em></a> 5 <strong>16</strong>: 376-385, 421-443<!--MARK-->","","Article in Journal","0ce7fd7d-fdaa-4621-95c6-7768e3d6be99","20110414T03:32:21.513+0000","efa8de69-3a29-4a43-8ef2-cbefda205976"
"Rothschild, L.W.","1895","Notes on Saturnidae: with a preliminary revision of the family down to the genus <i>Automeris</i>, and descriptions of some new species","35-51","","Novitates Zoologicae","","","","<!--MARK--><a href='nulld82961ce-a6cc-4591-8a9d-755af85f3e02' class='mouseoverHref'>Rothschild, L.W. 1895. Notes on Saturnidae: with a preliminary revision of the family down to the genus <i>Automeris</i>, and descriptions of some new species.</a> <!--MARK--><!--MARK--><a href='null25791c0c-6650-411b-b9d3-6433789fce38' class='mouseoverHref'><em>Novitates Zoologicae</em></a> <strong>2</strong>: 35-51<!--MARK-->","","Article in Journal","d82961ce-a6cc-4591-8a9d-755af85f3e02","20081009T05:11:37.000+0000","25791c0c-6650-411b-b9d3-6433789fce38"
"Rothschild, L.W.","1898","On some new or rare Lepidoptera of the Old World regions","96-102","","Novitates Zoologicae","","","","<!--MARK--><a href='nulld83b000d-905c-4e1f-a781-239cc7104a8b' class='mouseoverHref'>Rothschild, L.W. 1898. On some new or rare Lepidoptera of the Old World regions.</a> <!--MARK--><!--MARK--><a href='null25791c0c-6650-411b-b9d3-6433789fce38' class='mouseoverHref'><em>Novitates Zoologicae</em></a> <strong>5</strong>(1): 96-102<!--MARK-->","","Article in Journal","d83b000d-905c-4e1f-a781-239cc7104a8b","20081009T05:11:37.000+0000","25791c0c-6650-411b-b9d3-6433789fce38"
"Rothschild, L.W.","1899","Some new eastern Lepidoptera","67-71","","Novitates Zoologicae","","","","<!--MARK--><a href='null505286ef-89f6-4d08-8da7-ca4a0882ea43' class='mouseoverHref'>Rothschild, L.W. 1899. Some new eastern Lepidoptera.</a> <!--MARK--><!--MARK--><a href='null25791c0c-6650-411b-b9d3-6433789fce38' class='mouseoverHref'><em>Novitates Zoologicae</em></a> <strong>6</strong>: 67-71<!--MARK-->","","Article in Journal","505286ef-89f6-4d08-8da7-ca4a0882ea43","20081009T05:11:37.000+0000","25791c0c-6650-411b-b9d3-6433789fce38"
"Rothschild, L.W.","1917","On the genera <i>Melanothrix, Drepanojana, Melandergon, Paracydas, Cotana, Hypercydas, Epicydas</i> and <i>Nervicompressa</i> of the family Eupterotidae aith descriptions of new forms","463-492","","Novitates Zoologicae","","","","<!--MARK--><a href='null76a8a1ba-83a5-4a13-b54a-7f213ae09f56' class='mouseoverHref'>Rothschild, L.W. 1917. On the genera <i>Melanothrix, Drepanojana, Melandergon, Paracydas, Cotana, Hypercydas, Epicydas</i> and <i>Nervicompressa</i> of the family Eupterotidae aith descriptions of new forms.</a> <!--MARK--><!--MARK--><a href='null25791c0c-6650-411b-b9d3-6433789fce38' class='mouseoverHref'><em>Novitates Zoologicae</em></a> <strong>24</strong>: 463-492<!--MARK-->","","Article in Journal","76a8a1ba-83a5-4a13-b54a-7f213ae09f56","20081009T05:11:37.000+0000","25791c0c-6650-411b-b9d3-6433789fce38"
"Rothschild, L.W.","1920","On the genus <i>Elachyophthalma</i> Feld","321-326","","Novitates Zoologicae","","","","<!--MARK--><a href='null217e061a-cc91-4ca4-bdb5-fb60788b49f4' class='mouseoverHref'>Rothschild, L.W. 1920. On the genus <i>Elachyophthalma</i> Feld.</a> <!--MARK--><!--MARK--><a href='null25791c0c-6650-411b-b9d3-6433789fce38' class='mouseoverHref'><em>Novitates Zoologicae</em></a> <strong>27</strong>: 321-326<!--MARK-->","","Article in Journal","217e061a-cc91-4ca4-bdb5-fb60788b49f4","20081009T05:11:37.000+0000","25791c0c-6650-411b-b9d3-6433789fce38"
"Schüssler, H.","1934","Saturniidae: 2 Subfamilie Saturninae 2 et 3. Subfamilie Ludiinae 1","325-484","","Lepidopterorum Catalogus","","","","<!--MARK--><a href='null2d3760ec-1a85-4a3a-9e6a-1ef847faf30d' class='mouseoverHref'>Schüssler, H. 1934. Saturniidae: 2 Subfamilie Saturninae 2 et 3. Subfamilie Ludiinae 1.</a> <!--MARK--><!--MARK--><a href='nullc4926fd5-876f-4936-b1a5-b81365038d4e' class='mouseoverHref'><em>Lepidopterorum Catalogus</em></a> <strong>58</strong>: 325-484<!--MARK-->","","Article in Journal","2d3760ec-1a85-4a3a-9e6a-1ef847faf30d","20081009T05:11:37.000+0000","c4926fd5-876f-4936-b1a5-b81365038d4e"
"Schüssler, H.","1935","Saturniidae","1-81 (1933-1935)","","Lepidopterorum Catalogus","","","","<!--MARK--><a href='null3ff72627-dc87-449f-8a82-32c251e31b2d' class='mouseoverHref'>Schüssler, H. 1935. Saturniidae.</a> <!--MARK--><!--MARK--><a href='nullc4926fd5-876f-4936-b1a5-b81365038d4e' class='mouseoverHref'><em>Lepidopterorum Catalogus</em></a> <strong>55</strong>: 1-81 (1933-1935)<!--MARK-->","","Article in Journal","3ff72627-dc87-449f-8a82-32c251e31b2d","20081009T05:11:37.000+0000","c4926fd5-876f-4936-b1a5-b81365038d4e"
"Schüssler, H.","1935","Saturniidae","85-324 (1933-1935)","","Lepidopterorum Catalogus","","","","<!--MARK--><a href='null5114f2f2-a8a9-4b2d-874a-623e34e69348' class='mouseoverHref'>Schüssler, H. 1935. Saturniidae.</a> <!--MARK--><!--MARK--><a href='nullc4926fd5-876f-4936-b1a5-b81365038d4e' class='mouseoverHref'><em>Lepidopterorum Catalogus</em></a> <strong>56</strong>: 85-324 (1933-1935)<!--MARK-->","","Article in Journal","5114f2f2-a8a9-4b2d-874a-623e34e69348","20081009T05:11:37.000+0000","c4926fd5-876f-4936-b1a5-b81365038d4e"
"Schüssler, H.","1935","Saturniidae","325-484 (1933-1935)","","Lepidopterorum Catalogus","","","","<!--MARK--><a href='null4dd7200b-e9a8-4c6c-b9f0-63f92c734d9a' class='mouseoverHref'>Schüssler, H. 1935. Saturniidae.</a> <!--MARK--><!--MARK--><a href='nullc4926fd5-876f-4936-b1a5-b81365038d4e' class='mouseoverHref'><em>Lepidopterorum Catalogus</em></a> <strong>58</strong>: 325-484 (1933-1935)<!--MARK-->","","Article in Journal","4dd7200b-e9a8-4c6c-b9f0-63f92c734d9a","20081009T05:11:37.000+0000","c4926fd5-876f-4936-b1a5-b81365038d4e"
"Schüssler, H.","1935","Saturniidae","485-769 (1933-1935)","","Lepidopterorum Catalogus","","","","<!--MARK--><a href='null1e58a96d-3e8b-4f60-b535-ed402ed89df8' class='mouseoverHref'>Schüssler, H. 1935. Saturniidae.</a> <!--MARK--><!--MARK--><a href='nullc4926fd5-876f-4936-b1a5-b81365038d4e' class='mouseoverHref'><em>Lepidopterorum Catalogus</em></a> <strong>65</strong>: 485-769 (1933-1935)<!--MARK-->","","Article in Journal","1e58a96d-3e8b-4f60-b535-ed402ed89df8","20081009T05:11:37.000+0000","c4926fd5-876f-4936-b1a5-b81365038d4e"
"Scoble, M.J.","1992","The Lepidoptera. Form, Function and Diversity","xi + 404 pp.","","","","","Natural History Museum Publications & Oxford University Press","<!--MARK--><a href='nullf6670161-5cfa-4079-9ebc-13a842b6480f' class='mouseoverHref'>Scoble, M.J. 1992. <em>The Lepidoptera. Form, Function and Diversity</em>. Oxford : Natural History Museum Publications & Oxford University Press xi + 404 pp.</a><!--MARK-->","","Book","f6670161-5cfa-4079-9ebc-13a842b6480f","20081009T05:11:37.000+0000",""
"Scott, A.W.","1864","Australian Lepidoptera and their transformations, drawn from the life by Harriet and Helena Scott. 1","[ii]+36 pp., pls 1-9","","","","","John van Voorst","<!--MARK--><a href='null846bd906-1c8b-4c39-920e-59240191290e' class='mouseoverHref'>Scott, A.W. 1864. <em>Australian Lepidoptera and their transformations, drawn from the life by Harriet and Helena Scott. 1</em>. London : John van Voorst [ii]+36 pp., pls 1-9.</a><!--MARK-->","","Book","846bd906-1c8b-4c39-920e-59240191290e","20081009T05:11:37.000+0000",""
"Scott, A.W.","1864","Australian Lepidoptera and their transformations, drawn from the life by Harriet and Helena Scott. 1","[ii]+36 pp., pls 1-9","","","","","John van Voorst","<!--MARK--><a href='null32b21884-b02b-47a3-949f-bcaa9dfc9fb4' class='mouseoverHref'>Scott, A.W. 1864. <em>Australian Lepidoptera and their transformations, drawn from the life by Harriet and Helena Scott. 1</em>. London : John van Voorst [ii]+36 pp., pls 1-9.</a><!--MARK-->","","Book","32b21884-b02b-47a3-949f-bcaa9dfc9fb4","",""
"Scott, A.W.","1893","Australian Lepidoptera and their transformations, with illustrations drawn from the life by his daughters, Harriet Morgan and Helena Forde. Edited and revised by Arthur Sidney Olliff and Helena Forde","Pp. 27-36, pls 19-21","","","","","Australian Museum","<!--MARK--><a href='null6632585f-20e9-49aa-81d0-ff4c2cc8d871' class='mouseoverHref'>Scott, A.W. 1893. <em>Australian Lepidoptera and their transformations, with illustrations drawn from the life by his daughters, Harriet Morgan and Helena Forde. Edited and revised by Arthur Sidney Olliff and Helena Forde</em>. Sydney : Australian Museum Vol. 2 Pp. 27-36, pls 19-21.</a><!--MARK-->","","Book","6632585f-20e9-49aa-81d0-ff4c2cc8d871","20081009T05:11:37.000+0000",""
"Seitz, A.","1924","Eupterotidae","Pp. 417-421, 426-432, pls 37, 56","The Macrolepidoptera of the World. <B><i>10</B></i>. Bombyces and Sphinges of the Indo-Australian Region. <i>2 vols</i>","","","","","<!--MARK--><a href='null58d3baed-9d16-402a-b256-ab32b1d9591e' class='mouseoverHref'>Seitz, A. 1924. Eupterotidae. Pp. 417-421, 426-432, pls 37, 56</a> <!--MARK--><em>in</em> <!--MARK--><a href='null9ec90027-9246-4a22-b149-dae2e829335b' class='mouseoverHref'>Seitz, A. (ed.). <em>The Macrolepidoptera of the World. <B><i>10</B></i>. Bombyces and Sphinges of the Indo-Australian Region. <i>2 vols</i></em>. Stuttgart : Alfred Kernen Verlag 909 pp., 100 pls.</a><!--MARK-->","","Chapter in Book","58d3baed-9d16-402a-b256-ab32b1d9591e","20081009T05:11:37.000+0000","9ec90027-9246-4a22-b149-dae2e829335b"
"Seitz, A.","1928","Saturniidae, Emperor-Moths","Pp. 497-520, pls 53-56","The Macrolepidoptera of the World. <B><i>10</B></i>. Bombyces and Sphinges of the Indo-Australian Region. <i>2 vols</i>","","","","","<!--MARK--><a href='nullb0dabd4c-b19e-4e49-b3ec-6e7d2cd2daea' class='mouseoverHref'>Seitz, A. 1928. Saturniidae, Emperor-Moths. Pp. 497-520, pls 53-56</a> <!--MARK--><em>in</em> <!--MARK--><a href='null72ed20e1-b9a6-4a16-8bd6-941c65634476' class='mouseoverHref'>Seitz, A. (ed.). <em>The Macrolepidoptera of the World. <B><i>10</B></i>. Bombyces and Sphinges of the Indo-Australian Region. <i>2 vols</i></em>. Stuttgart : Alfred Kernen Verlag 909 pp., 100 pls.</a><!--MARK--><!--MARK--> [year of publication not confirmed]","year of publication not confirmed","Chapter in Book","b0dabd4c-b19e-4e49-b3ec-6e7d2cd2daea","20081009T05:11:37.000+0000","72ed20e1-b9a6-4a16-8bd6-941c65634476"
"Sonthonnax, L.","1899","Description de nouvelles espèces de Saturnides. Appartenant à la collection de M.C. Oberthür","5-7, 21-24, 30-32","","L'Échange, Revue Linnéenne","","","","<!--MARK--><a href='nullef00ebda-29af-4f94-af7a-a7cc9baa7653' class='mouseoverHref'>Sonthonnax, L. 1899. Description de nouvelles espèces de Saturnides. Appartenant à la collection de M.C. Oberthür.</a> <!--MARK--><!--MARK--><a href='null33cab13a-3e65-4f6b-a8c7-3771b27cd801' class='mouseoverHref'><em>L'Échange, Revue Linnéenne</em></a> <strong>16</strong>: 5-7, 21-24, 30-32<!--MARK-->","","Article in Journal","ef00ebda-29af-4f94-af7a-a7cc9baa7653","20081009T05:11:37.000+0000","33cab13a-3e65-4f6b-a8c7-3771b27cd801"
"Southcott, R.","1987","Moths and butterflies","243-257","Toxic Plants and Animals. A Guide for Australia","","","","","<!--MARK--><a href='null089ac730-bdf2-4362-8555-f2e332072465' class='mouseoverHref'>Southcott, R. 1987. Moths and butterflies. pp. 243-257</a> <!--MARK--><em>in</em> <!--MARK--><a href='null1aeb6174-3369-438b-b471-97ad3bac131c' class='mouseoverHref'>Covacevich, J., Davie, P. & Pearn, J. (eds). <em>Toxic Plants and Animals. A Guide for Australia</em>. Brisbane : Queensland Museum 504 pp.</a><!--MARK-->","","Chapter in Book","089ac730-bdf2-4362-8555-f2e332072465","20081009T05:11:37.000+0000","1aeb6174-3369-438b-b471-97ad3bac131c"
"Southcott, R.V.","1978","Lepidopterism in the Australian region","87-173","","Records of the Adelaide Children's Hospital","","","","<!--MARK--><a href='nullc7c00f6f-8959-413e-a5b9-f485b51da2b5' class='mouseoverHref'>Southcott, R.V. 1978. Lepidopterism in the Australian region.</a> <!--MARK--><!--MARK--><a href='nulldd91f311-be5e-4a9f-ab26-d27886b6bce2' class='mouseoverHref'><em>Records of the Adelaide Children's Hospital</em></a> <strong>2</strong>: 87-173<!--MARK-->","","Article in Journal","c7c00f6f-8959-413e-a5b9-f485b51da2b5","20081009T05:11:37.000+0000","dd91f311-be5e-4a9f-ab26-d27886b6bce2"
"Strand, E.","1917","Spinner und Schwärmer des indoaustralischen Gebiets","292-344","Grossschmetterlinge der Erde. Fauna exotica","","","","","<!--MARK--><a href='nulle444fd0a-5443-4c4b-9775-ba5183b11611' class='mouseoverHref'>Strand, E. 1917. Spinner und Schwärmer des indoaustralischen Gebiets. pp. 292-344</a> <!--MARK--><em>in</em> <!--MARK--><a href='null350e9d0c-b466-4325-b7dc-2e90980ad382' class='mouseoverHref'>Seitz, A. (ed.). <em>Grossschmetterlinge der Erde. Fauna exotica</em>. Stuttgart Vol. 10.</a><!--MARK-->","","Chapter in Book","e444fd0a-5443-4c4b-9775-ba5183b11611","20081009T05:11:37.000+0000","350e9d0c-b466-4325-b7dc-2e90980ad382"
"Strand, E.","1924","[Eupterotidae] Apha-Ganisa","Pp. 422-425, pls 29, 31, 36, 37, 56, 57","The Macrolepidoptera of the World. <B><i>10</B></i>. Bombyces and Sphinges of the Indo-Australian Region. <i>2 vols</i>","","","","","<!--MARK--><a href='nullb817e47f-6bb6-45d8-ab3e-b74b1f5bcc42' class='mouseoverHref'>Strand, E. 1924. [Eupterotidae] Apha-Ganisa. Pp. 422-425, pls 29, 31, 36, 37, 56, 57</a> <!--MARK--><em>in</em> <!--MARK--><a href='null9ec90027-9246-4a22-b149-dae2e829335b' class='mouseoverHref'>Seitz, A. (ed.). <em>The Macrolepidoptera of the World. <B><i>10</B></i>. Bombyces and Sphinges of the Indo-Australian Region. <i>2 vols</i></em>. Stuttgart : Alfred Kernen Verlag 909 pp., 100 pls.</a><!--MARK-->","","Chapter in Book","b817e47f-6bb6-45d8-ab3e-b74b1f5bcc42","20081009T05:11:37.000+0000","9ec90027-9246-4a22-b149-dae2e829335b"
"Strand, E.","1929","[Details not found]","","The Macrolepidoptera of the World. <strong><em>10</em></strong>. Bombyces and Sphinges of the Indo-Australian Region. <i>2 vols</i>","","","","","<!--MARK--><a href='null8615bc7e-a450-4ec2-b1dd-04070472fc6f' class='mouseoverHref'>Strand, E. 1929. [Details not found].</a> <!--MARK--><em>In,</em> <!--MARK--><a href='null54f7e9bb-f250-421a-836d-adf3be1fc017' class='mouseoverHref'>Seitz, A. (ed.). <em>The Macrolepidoptera of the World. <strong><em>10</em></strong>. Bombyces and Sphinges of the Indo-Australian Region. <i>2 vols</i></em>. Stuttgart : Alfred Kernen Verlag 909 pp., 100 pls.</a><!--MARK-->","","Chapter in Book","8615bc7e-a450-4ec2-b1dd-04070472fc6f","20081009T05:11:37.000+0000","54f7e9bb-f250-421a-836d-adf3be1fc017"
"Strand, E.","1929","Subfamily: Anthelinae","pp. 364-375, pls 46, 56c-58","The Macrolepidoptera of the World. 10. Bombyces and Sphinges of the Indo-Australian Region. <i>2 vols</i>","","","","","<!--MARK--><a href='nulle6ec2930-a39f-4472-8755-afb4ad8c0bdb' class='mouseoverHref'>Strand, E. 1929. Subfamily: Anthelinae. pp. 364-375, pls 46, 56c-58</a> <!--MARK--><em>in</em> <!--MARK--><a href='nullda463c06-48c8-4ce8-ad35-7e801b784ab2' class='mouseoverHref'>Seitz, A. (ed.). <em>The Macrolepidoptera of the World. 10. Bombyces and Sphinges of the Indo-Australian Region. <i>2 vols</i></em>. Stuttgart : Alfred Kernen Verlag 909 pp., 100 pls (1925-1929).</a><!--MARK-->","","Chapter in Book","e6ec2930-a39f-4472-8755-afb4ad8c0bdb","20081009T05:11:37.000+0000","da463c06-48c8-4ce8-ad35-7e801b784ab2"
"Strand, E. in Dalla Torre, K.W. von & Strand, E.","1925","Aegeriidae","1-202","","Lepidopterorum Catalogus","","","","<!--MARK--><a href='null4117c03b-bec6-4b02-82a4-379092ad8efd' class='mouseoverHref'>Strand, E. <i>in</i> Dalla Torre, K.W. von & Strand, E. 1925. Aegeriidae.</a> <!--MARK--><!--MARK--><a href='nullc4926fd5-876f-4936-b1a5-b81365038d4e' class='mouseoverHref'><em>Lepidopterorum Catalogus</em></a> <strong>31</strong>: 1-202<!--MARK-->","","Article in Journal","4117c03b-bec6-4b02-82a4-379092ad8efd","20081009T05:11:37.000+0000","c4926fd5-876f-4936-b1a5-b81365038d4e"
"Swinhoe, C.","1892","Catalogue of eastern and Australian Lepidoptera Heterocera in the collection of the Oxford University Museum. Part 1. Sphinges and Bombyces","viii+324 pp., 8 pls","","","","","Claredon Press","<!--MARK--><a href='null3bfdd01b-5741-4603-a940-5ab3c8a3b885' class='mouseoverHref'>Swinhoe, C. 1892. <em>Catalogue of eastern and Australian Lepidoptera Heterocera in the collection of the Oxford University Museum. Part 1. Sphinges and Bombyces</em>. Oxford : Claredon Press viii+324 pp., 8 pls.</a><!--MARK-->","","Book","3bfdd01b-5741-4603-a940-5ab3c8a3b885","20081009T05:11:37.000+0000",""
"Swinhoe, C.","1902","Descriptions of new Eastern and Australian Heterocera","415-424","","Annals and Magazine of Natural History","","","","<!--MARK--><a href='null3767b6cd-3fdd-4449-a776-700b521b4e6d' class='mouseoverHref'>Swinhoe, C. 1902. Descriptions of new Eastern and Australian Heterocera.</a> <!--MARK--><!--MARK--><a href='nullefa8de69-3a29-4a43-8ef2-cbefda205976' class='mouseoverHref'><em>Annals and Magazine of Natural History</em></a> 7 <strong>9</strong>: 415-424<!--MARK-->","","Article in Journal","3767b6cd-3fdd-4449-a776-700b521b4e6d","20081009T05:11:37.000+0000","efa8de69-3a29-4a43-8ef2-cbefda205976"
"Swinhoe, C.","1902","Descriptions of new Eastern and Australian moths","165-182","","Annals and Magazine of Natural History","","","","<!--MARK--><a href='nulld311e4ad-4510-4344-a97a-cd9b655c684f' class='mouseoverHref'>Swinhoe, C. 1902. Descriptions of new Eastern and Australian moths.</a> <!--MARK--><!--MARK--><a href='nullefa8de69-3a29-4a43-8ef2-cbefda205976' class='mouseoverHref'><em>Annals and Magazine of Natural History</em></a> 7 <strong>9</strong>: 165-182<!--MARK-->","","Article in Journal","d311e4ad-4510-4344-a97a-cd9b655c684f","20081009T05:11:37.000+0000","efa8de69-3a29-4a43-8ef2-cbefda205976"
"Swinhoe, C.","1902","New species of eastern and Australian Heterocera","77-87","","Annals and Magazine of Natural History","","","","<!--MARK--><a href='nullb252c8e9-61dc-43c0-aa3c-4a76f57ea5a7' class='mouseoverHref'>Swinhoe, C. 1902. New species of eastern and Australian Heterocera.</a> <!--MARK--><!--MARK--><a href='nullefa8de69-3a29-4a43-8ef2-cbefda205976' class='mouseoverHref'><em>Annals and Magazine of Natural History</em></a> 7 <strong>9</strong>: 77-87<!--MARK-->","","Article in Journal","b252c8e9-61dc-43c0-aa3c-4a76f57ea5a7","20081009T05:11:37.000+0000","efa8de69-3a29-4a43-8ef2-cbefda205976"
"Swinhoe, C.","1903","A revision of the Old World Lymantriidae in the National Collection","375-498","","Transactions of the Entomological Society of London","","","","<!--MARK--><a href='null8f1b1106-136b-4820-a833-96c8daa5e077' class='mouseoverHref'>Swinhoe, C. 1903. A revision of the Old World Lymantriidae in the National Collection.</a> <!--MARK--><!--MARK--><a href='null5cf355b3-abc5-451e-9abc-ed3282d7811a' class='mouseoverHref'><em>Transactions of the Entomological Society of London</em></a> <strong>1903</strong>: 375-498<!--MARK-->","","Article in Journal","8f1b1106-136b-4820-a833-96c8daa5e077","20081009T05:11:37.000+0000","5cf355b3-abc5-451e-9abc-ed3282d7811a"
"Swinhoe, C.","1905","Notes on eastern and Australian Heterocera, with descriptions of one new genus and thirteen new species","142-155","","Annals and Magazine of Natural History","","","","<!--MARK--><a href='null65280299-9e9d-4012-ab6f-6b5f9642e9a0' class='mouseoverHref'>Swinhoe, C. 1905. Notes on eastern and Australian Heterocera, with descriptions of one new genus and thirteen new species.</a> <!--MARK--><!--MARK--><a href='nullefa8de69-3a29-4a43-8ef2-cbefda205976' class='mouseoverHref'><em>Annals and Magazine of Natural History</em></a> 7 <strong>16</strong>: 142-155<!--MARK-->","","Article in Journal","65280299-9e9d-4012-ab6f-6b5f9642e9a0","20081009T05:11:37.000+0000","efa8de69-3a29-4a43-8ef2-cbefda205976"
"Swinhoe, C.","1917","New species of indo-malayan Lepidoptera","331-342","","Annals of Natural History","","","","<!--MARK--><a href='null77349fee-3bbc-4cc6-b368-914d5b565cda' class='mouseoverHref'>Swinhoe, C. 1917. New species of indo-malayan Lepidoptera.</a> <!--MARK--><!--MARK--><a href='null49064907-7f69-404b-b6d0-6e1a9be97dbb' class='mouseoverHref'><em>Annals of Natural History</em></a> <strong>19</strong>: 331-342<!--MARK-->","","Article in Journal","77349fee-3bbc-4cc6-b368-914d5b565cda","20081009T05:11:37.000+0000","49064907-7f69-404b-b6d0-6e1a9be97dbb"
"Swinhoe, C.","1922","A revision of the genera of the family Liparidae","449-484","","Annals and Magazine of Natural History","","","","<!--MARK--><a href='nullf689e479-0e31-4840-892e-04b2d150e8d0' class='mouseoverHref'>Swinhoe, C. 1922. A revision of the genera of the family Liparidae.</a> <!--MARK--><!--MARK--><a href='nullefa8de69-3a29-4a43-8ef2-cbefda205976' class='mouseoverHref'><em>Annals and Magazine of Natural History</em></a> 9 <strong>10</strong>: 449-484<!--MARK-->","","Article in Journal","f689e479-0e31-4840-892e-04b2d150e8d0","20081009T05:11:37.000+0000","efa8de69-3a29-4a43-8ef2-cbefda205976"
"Tepper, J.G.O.","1890","Common Native Insects of South Australia<i>: a popular guide to South Australian entomology. Part 2. Lepidoptera, or butterflies and moths of Adelaide</i>","iv 65","","","","","Wigg & Son","<!--MARK--><a href='nulla8c4a5ed-9379-4300-8da1-14c872803c09' class='mouseoverHref'>Tepper, J.G.O. 1890. <em>Common Native Insects of South Australia<i>: a popular guide to South Australian entomology. Part 2. Lepidoptera, or butterflies and moths of Adelaide</i></em>. Adelaide : Wigg & Son iv 65 pp.</a><!--MARK-->","","Book","a8c4a5ed-9379-4300-8da1-14c872803c09","20081009T05:11:37.000+0000",""
"Tillyard, R.J.","1926","Lepidoptera","pp. 731-733","The Illustrated Australian Encyclopaedia","","","","","<!--MARK--><a href='nulle8335803-f2ea-4116-8a67-86105deed143' class='mouseoverHref'>Tillyard, R.J. 1926. Lepidoptera. pp. 731-733</a> <!--MARK--><em>in</em> <!--MARK--><a href='null0f0261fb-ed18-45d7-8862-25ecdbad4813' class='mouseoverHref'>Jose, A.W. & Carter, H.J. (eds). <em>The Illustrated Australian Encyclopaedia</em>. Sydney : Angus & Robertson Vol. 1.</a><!--MARK-->","","Chapter in Book","e8335803-f2ea-4116-8a67-86105deed143","20081009T05:11:37.000+0000","0f0261fb-ed18-45d7-8862-25ecdbad4813"
"Turner, A.J.","1902","New Australian Lepidoptera","175-207","","Transactions of the Royal Society of South Australia","","","","<!--MARK--><a href='nullb0f621d2-f0f8-4212-adbb-e150f9051dbd' class='mouseoverHref'>Turner, A.J. 1902. New Australian Lepidoptera.</a> <!--MARK--><!--MARK--><a href='null8b48b0a3-dd7a-4aea-be0d-10a223710ebc' class='mouseoverHref'><em>Transactions of the Royal Society of South Australia</em></a> <strong>26</strong>: 175-207<!--MARK-->","","Article in Journal","b0f621d2-f0f8-4212-adbb-e150f9051dbd","20081009T05:11:37.000+0000","8b48b0a3-dd7a-4aea-be0d-10a223710ebc"
"Turner, A.J.","1903","New Australian Lepidoptera, with synonymic and other notes. Noctuidae","1-26","","Transactions of the Royal Society of South Australia","","","","<!--MARK--><a href='nullf71a6a1e-73d4-44dd-9e1f-2b49e95e3075' class='mouseoverHref'>Turner, A.J. 1903. New Australian Lepidoptera, with synonymic and other notes. Noctuidae.</a> <!--MARK--><!--MARK--><a href='null8b48b0a3-dd7a-4aea-be0d-10a223710ebc' class='mouseoverHref'><em>Transactions of the Royal Society of South Australia</em></a> <strong>27</strong>: 1-26<!--MARK-->","","Article in Journal","f71a6a1e-73d4-44dd-9e1f-2b49e95e3075","20081009T05:11:37.000+0000","8b48b0a3-dd7a-4aea-be0d-10a223710ebc"
"Turner, A.J.","1904","A classification of the Australian Lymantriidae","469-481","","Transactions of the Entomological Society of London","","","","<!--MARK--><a href='nullf74ccf99-265f-471e-bb07-d9dccf40ed5f' class='mouseoverHref'>Turner, A.J. 1904. A classification of the Australian Lymantriidae.</a> <!--MARK--><!--MARK--><a href='null5cf355b3-abc5-451e-9abc-ed3282d7811a' class='mouseoverHref'><em>Transactions of the Entomological Society of London</em></a> <strong>3</strong>: 469-481<!--MARK-->","","Article in Journal","f74ccf99-265f-471e-bb07-d9dccf40ed5f","20140103T03:04:03.272+0000","5cf355b3-abc5-451e-9abc-ed3282d7811a"
"Turner, A.J.","1904","New Australian Lepidoptera...with synonomic notes and other notes","212-247","","Transactions of the Royal Society of South Australia","","","","<!--MARK--><a href='null56397945-30b3-4fd9-8d42-f216899634e4' class='mouseoverHref'>Turner, A.J. 1904. New Australian Lepidoptera...with synonomic notes and other notes.</a> <!--MARK--><!--MARK--><a href='null8b48b0a3-dd7a-4aea-be0d-10a223710ebc' class='mouseoverHref'><em>Transactions of the Royal Society of South Australia</em></a> <strong>28</strong>: 212-247<!--MARK-->","","Article in Journal","56397945-30b3-4fd9-8d42-f216899634e4","20100826T05:51:58.431+0000","8b48b0a3-dd7a-4aea-be0d-10a223710ebc"
"Turner, A.J.","1911","Studies in Australian Lepidoptera","59-135","","Annals of the Queensland Museum","","","","<!--MARK--><a href='nulle9a2d113-16ed-47a3-a0de-0181ba69a390' class='mouseoverHref'>Turner, A.J. 1911. Studies in Australian Lepidoptera.</a> <!--MARK--><!--MARK--><a href='nulle992938b-40e3-4f55-97a8-868219a55b45' class='mouseoverHref'><em>Annals of the Queensland Museum</em></a> <strong>10</strong>: 59-135<!--MARK-->","","Article in Journal","e9a2d113-16ed-47a3-a0de-0181ba69a390","20081009T05:11:37.000+0000","e992938b-40e3-4f55-97a8-868219a55b45"
"Turner, A.J.","1914","Scientific notes on an expedition into the interior of Australia carried out by Capt. S.A. White. M.B.O.U. from July to October 1913: Heterocera","455-459","","Transactions of the Royal Society of South Australia","","","","<!--MARK--><a href='null257daf62-c2b4-4554-8a6f-0320bcd97318' class='mouseoverHref'>Turner, A.J. 1914. Scientific notes on an expedition into the interior of Australia carried out by Capt. S.A. White. M.B.O.U. from July to October 1913: Heterocera.</a> <!--MARK--><!--MARK--><a href='null8b48b0a3-dd7a-4aea-be0d-10a223710ebc' class='mouseoverHref'><em>Transactions of the Royal Society of South Australia</em></a> <strong>38</strong>: 455-459<!--MARK-->","","Article in Journal","257daf62-c2b4-4554-8a6f-0320bcd97318","20081009T05:11:37.000+0000","8b48b0a3-dd7a-4aea-be0d-10a223710ebc"
"Turner, A.J.","1915","Lepidoptera, Suborder Heterocera","801-804","","Transactions of the Royal Society of South Australia","","","","<!--MARK--><a href='nullafedb35b-25d9-4283-8c4c-f7617a8f0267' class='mouseoverHref'>Turner, A.J. 1915. Lepidoptera, Suborder Heterocera.</a> <!--MARK--><!--MARK--><a href='null8b48b0a3-dd7a-4aea-be0d-10a223710ebc' class='mouseoverHref'><em>Transactions of the Royal Society of South Australia</em></a> <strong>39</strong>: 801-804<!--MARK-->","","Article in Journal","afedb35b-25d9-4283-8c4c-f7617a8f0267","20081009T05:11:37.000+0000","8b48b0a3-dd7a-4aea-be0d-10a223710ebc"
"Turner, A.J.","1915","Studies in Australian Lepidoptera","11-57","","Proceedings of the Royal Society of Queensland","","","","<!--MARK--><a href='null151fbed7-0a12-429e-b2db-aac2b69b06e4' class='mouseoverHref'>Turner, A.J. 1915. Studies in Australian Lepidoptera.</a> <!--MARK--><!--MARK--><a href='null642ab613-813a-48d0-8bc0-42c78157f7b0' class='mouseoverHref'><em>Proceedings of the Royal Society of Queensland</em></a> <strong>27</strong>: 11-57<!--MARK-->","","Article in Journal","151fbed7-0a12-429e-b2db-aac2b69b06e4","20120319T00:05:28.738+0000","642ab613-813a-48d0-8bc0-42c78157f7b0"
"Turner, A.J.","1918","Observations on the Lepidopterous family Cossidae and on the classification of the Lepidoptera","155-190","","Transactions of the Entomological Society of London","","","","<!--MARK--><a href='nullb91b4cdd-d86c-4ddd-ae7f-5357e54aafcc' class='mouseoverHref'>Turner, A.J. 1918. Observations on the Lepidopterous family Cossidae and on the classification of the Lepidoptera.</a> <!--MARK--><!--MARK--><a href='null5cf355b3-abc5-451e-9abc-ed3282d7811a' class='mouseoverHref'><em>Transactions of the Entomological Society of London</em></a> <strong>1918</strong>: 155-190<!--MARK-->","","Article in Journal","b91b4cdd-d86c-4ddd-ae7f-5357e54aafcc","20081009T05:11:37.000+0000","5cf355b3-abc5-451e-9abc-ed3282d7811a"
"Turner, A.J.","1920","A new family of Lepidoptera, the Anthelidae","415-419","","Transactions of the Entomological Society of London","","","","<!--MARK--><a href='nullb4007492-4c83-4db3-9a35-32be03b6ffa4' class='mouseoverHref'>Turner, A.J. 1920. A new family of Lepidoptera, the Anthelidae.</a> <!--MARK--><!--MARK--><a href='null5cf355b3-abc5-451e-9abc-ed3282d7811a' class='mouseoverHref'><em>Transactions of the Entomological Society of London</em></a> <strong>1919</strong>: 415-419<!--MARK-->","","Article in Journal","b4007492-4c83-4db3-9a35-32be03b6ffa4","20081009T05:11:37.000+0000","5cf355b3-abc5-451e-9abc-ed3282d7811a"
"Turner, A.J.","1921","Revision of Australian Lepidoptera -- Hypsidae, Anthelidae","159-191","","Proceedings of the Linnean Society of New South Wales","","21 Aug. 1921","","<!--MARK--><a href='nullc5fbd5c3-26f3-4bd1-820c-c31a6a04f477' class='mouseoverHref'>Turner, A.J. 1921. Revision of Australian Lepidoptera -- Hypsidae, Anthelidae.</a> <!--MARK--><!--MARK--><a href='nullc12cd779-adb5-41ea-bd2c-75f6864cf22e' class='mouseoverHref'><em>Proceedings of the Linnean Society of New South Wales</em></a> <strong>46</strong>: 159-191<!--MARK--> [Date published 21 Aug. 1921]","","Article in Journal","c5fbd5c3-26f3-4bd1-820c-c31a6a04f477","20121104T22:02:01.396+0000","c12cd779-adb5-41ea-bd2c-75f6864cf22e"
"Turner, A.J.","1922","Revision of Australian Lepidoptera. Saturniadae, Bombycidae, Eupterotidae, Notodontidae","348-390","","Proceedings of the Linnean Society of New South Wales","","15 Dec. 1922","","<!--MARK--><a href='null1db02fab-f800-4690-9a09-faeee090bb26' class='mouseoverHref'>Turner, A.J. 1922. Revision of Australian Lepidoptera. Saturniadae, Bombycidae, Eupterotidae, Notodontidae.</a> <!--MARK--><!--MARK--><a href='nullc12cd779-adb5-41ea-bd2c-75f6864cf22e' class='mouseoverHref'><em>Proceedings of the Linnean Society of New South Wales</em></a> <strong>47</strong>: 348-390<!--MARK--> [Date published 15 Dec. 1922]","","Article in Journal","1db02fab-f800-4690-9a09-faeee090bb26","20110420T02:27:21.985+0000","c12cd779-adb5-41ea-bd2c-75f6864cf22e"
"Turner, A.J.","1924","Revision of Australian Lepidoptera. Lasiocampidae","397-428","","Proceedings of the Linnean Society of New South Wales","","29 Dec. 1924","","<!--MARK--><a href='null471d0da8-6180-47e1-a018-fa1e21c4ae50' class='mouseoverHref'>Turner, A.J. 1924. Revision of Australian Lepidoptera. Lasiocampidae.</a> <!--MARK--><!--MARK--><a href='nullc12cd779-adb5-41ea-bd2c-75f6864cf22e' class='mouseoverHref'><em>Proceedings of the Linnean Society of New South Wales</em></a> <strong>49</strong>: 397-428<!--MARK--> [Date published 29 Dec. 1924]","","Article in Journal","471d0da8-6180-47e1-a018-fa1e21c4ae50","20110420T02:23:57.474+0000","c12cd779-adb5-41ea-bd2c-75f6864cf22e"
"Turner, A.J.","1926","Revision of Australian Lepidoptera: Drepanidae, Limacodidae, Zygaenidae","411-445","","Proceedings of the Linnean Society of New South Wales","","","","<!--MARK--><a href='null639d691c-7e3b-4ea1-bae2-dc259e02fdf3' class='mouseoverHref'>Turner, A.J. 1926. Revision of Australian Lepidoptera: Drepanidae, Limacodidae, Zygaenidae.</a> <!--MARK--><!--MARK--><a href='nullc12cd779-adb5-41ea-bd2c-75f6864cf22e' class='mouseoverHref'><em>Proceedings of the Linnean Society of New South Wales</em></a> <strong>51</strong>: 411-445<!--MARK-->","","Article in Journal","639d691c-7e3b-4ea1-bae2-dc259e02fdf3","20081009T05:11:37.000+0000","c12cd779-adb5-41ea-bd2c-75f6864cf22e"
"Turner, A.J.","1931","Revision of Australian Lepidoptera. Supplementary","325-344","","Proceedings of the Linnean Society of New South Wales","","","","<!--MARK--><a href='nulle64ba8b4-5f86-403e-9ab7-73f227420acb' class='mouseoverHref'>Turner, A.J. 1931. Revision of Australian Lepidoptera. Supplementary.</a> <!--MARK--><!--MARK--><a href='nullc12cd779-adb5-41ea-bd2c-75f6864cf22e' class='mouseoverHref'><em>Proceedings of the Linnean Society of New South Wales</em></a> <strong>56</strong>: 325-344<!--MARK-->","","Article in Journal","e64ba8b4-5f86-403e-9ab7-73f227420acb","20081009T05:11:37.000+0000","c12cd779-adb5-41ea-bd2c-75f6864cf22e"
"Turner, A.J.","1932","New Australian Lepidoptera","175-196","","Transactions of the Royal Society of South Australia","","","","<!--MARK--><a href='nulld34df024-f18e-43e0-9870-4d02b095519a' class='mouseoverHref'>Turner, A.J. 1932. New Australian Lepidoptera.</a> <!--MARK--><!--MARK--><a href='null8b48b0a3-dd7a-4aea-be0d-10a223710ebc' class='mouseoverHref'><em>Transactions of the Royal Society of South Australia</em></a> <strong>56</strong>: 175-196<!--MARK-->","","Article in Journal","d34df024-f18e-43e0-9870-4d02b095519a","20081009T05:11:37.000+0000","8b48b0a3-dd7a-4aea-be0d-10a223710ebc"
"Turner, A.J.","1936","New Australian Lepidoptera","25-50","","Proceedings of the Royal Society of Queensland","","","","<!--MARK--><a href='null5f85a55e-f94c-4578-b8a5-095ccf926da4' class='mouseoverHref'>Turner, A.J. 1936. New Australian Lepidoptera.</a> <!--MARK--><!--MARK--><a href='null642ab613-813a-48d0-8bc0-42c78157f7b0' class='mouseoverHref'><em>Proceedings of the Royal Society of Queensland</em></a> <strong>47</strong>: 25-50<!--MARK-->","","Article in Journal","5f85a55e-f94c-4578-b8a5-095ccf926da4","20081009T05:11:37.000+0000","642ab613-813a-48d0-8bc0-42c78157f7b0"
"Turner, A.J.","1939","New Australian Lepidoptera","133-152","","Proceedings of the Royal Society of Queensland","","","","<!--MARK--><a href='nulld45fb5c4-f778-4ff1-ae47-e0a1c8ac9194' class='mouseoverHref'>Turner, A.J. 1939. New Australian Lepidoptera.</a> <!--MARK--><!--MARK--><a href='null642ab613-813a-48d0-8bc0-42c78157f7b0' class='mouseoverHref'><em>Proceedings of the Royal Society of Queensland</em></a> <strong>50</strong>: 133-152<!--MARK-->","","Article in Journal","d45fb5c4-f778-4ff1-ae47-e0a1c8ac9194","20081009T05:11:37.000+0000","642ab613-813a-48d0-8bc0-42c78157f7b0"
"Turner, A.J.","1941","New species of Lepidoptera from the Barnard collection","40-52","","Memoirs of the Queensland Museum","","","","<!--MARK--><a href='nullf7ca8f2b-d40e-49b5-a1a0-1de0b10d9e28' class='mouseoverHref'>Turner, A.J. 1941. New species of Lepidoptera from the Barnard collection.</a> <!--MARK--><!--MARK--><a href='null1a0a2982-9f30-43e1-a641-b0379699837c' class='mouseoverHref'><em>Memoirs of the Queensland Museum</em></a> <strong>12</strong>: 40-52<!--MARK-->","","Article in Journal","f7ca8f2b-d40e-49b5-a1a0-1de0b10d9e28","20081009T05:11:37.000+0000","1a0a2982-9f30-43e1-a641-b0379699837c"
"Turner, A.J.","1942","Fragmenta lepidopterologica","61-95","","Proceedings of the Royal Society of Queensland","","","","<!--MARK--><a href='null8dc170eb-8e09-4f35-8f9c-e9ae190b1b74' class='mouseoverHref'>Turner, A.J. 1942. Fragmenta lepidopterologica.</a> <!--MARK--><!--MARK--><a href='null642ab613-813a-48d0-8bc0-42c78157f7b0' class='mouseoverHref'><em>Proceedings of the Royal Society of Queensland</em></a> <strong>53</strong>(1941): 61-95<!--MARK-->","","Article in Journal","8dc170eb-8e09-4f35-8f9c-e9ae190b1b74","20160121T22:18:38.655+0000","642ab613-813a-48d0-8bc0-42c78157f7b0"
"Turner, A.J.","1944","Studies in Australian Lepidoptera","3-17","","Transactions of the Royal Society of South Australia","","","","<!--MARK--><a href='nulla5031dee-aa28-4c1f-8b6d-9d2c3a7a16a4' class='mouseoverHref'>Turner, A.J. 1944. Studies in Australian Lepidoptera.</a> <!--MARK--><!--MARK--><a href='null8b48b0a3-dd7a-4aea-be0d-10a223710ebc' class='mouseoverHref'><em>Transactions of the Royal Society of South Australia</em></a> <strong>68</strong>: 3-17<!--MARK-->","","Article in Journal","a5031dee-aa28-4c1f-8b6d-9d2c3a7a16a4","20081009T05:11:37.000+0000","8b48b0a3-dd7a-4aea-be0d-10a223710ebc"
"Walker, F.","1855","Lepidoptera Heterocera","776-976","","List of the Specimens of Lepidopterous Insects in the Collection of the British Museum","","August","","<!--MARK--><a href='null9957c921-0190-4a22-9dcc-28cc7aae5224' class='mouseoverHref'>Walker, F. 1855. Lepidoptera Heterocera.</a> <!--MARK--><!--MARK--><a href='null642c8f2c-b31c-4c9f-9ca3-4c940f907155' class='mouseoverHref'><em>List of the Specimens of Lepidopterous Insects in the Collection of the British Museum</em></a> <strong>4</strong>: 776-976<!--MARK--> [Date published August]","","Article in Journal","9957c921-0190-4a22-9dcc-28cc7aae5224","20110407T00:11:40.831+0000","642c8f2c-b31c-4c9f-9ca3-4c940f907155"
"Walker, F.","1855","Lepidoptera Heterocera","1258-1507","","List of the Specimens of Lepidopterous Insects in the Collection of the British Museum","","December","","<!--MARK--><a href='null20ef28c5-f3a3-4f59-a97b-80f55d357c18' class='mouseoverHref'>Walker, F. 1855. Lepidoptera Heterocera.</a> <!--MARK--><!--MARK--><a href='null642c8f2c-b31c-4c9f-9ca3-4c940f907155' class='mouseoverHref'><em>List of the Specimens of Lepidopterous Insects in the Collection of the British Museum</em></a> <strong>6</strong>: 1258-1507<!--MARK--> [Date published December]","","Article in Journal","20ef28c5-f3a3-4f59-a97b-80f55d357c18","20110407T00:12:19.263+0000","642c8f2c-b31c-4c9f-9ca3-4c940f907155"
"Walker, F.","1855","Lepidoptera Heterocera","583-775","","List of the Specimens of Lepidopterous Insects in the Collection of the British Museum","","","","<!--MARK--><a href='null4ab6f86c-0108-422a-806b-8016d8bdb32e' class='mouseoverHref'>Walker, F. 1855. Lepidoptera Heterocera.</a> <!--MARK--><!--MARK--><a href='null642c8f2c-b31c-4c9f-9ca3-4c940f907155' class='mouseoverHref'><em>List of the Specimens of Lepidopterous Insects in the Collection of the British Museum</em></a> <strong>3</strong>: 583-775<!--MARK-->","","Article in Journal","4ab6f86c-0108-422a-806b-8016d8bdb32e","20081009T05:11:37.000+0000","642c8f2c-b31c-4c9f-9ca3-4c940f907155"
"Walker, F.","1855","Lepidoptera Heterocera","977-1257","","List of the Specimens of Lepidopterous Insects in the Collection of the British Museum","","","","<!--MARK--><a href='null3d8e0f51-eec4-4c98-83bc-190a1a607ef5' class='mouseoverHref'>Walker, F. 1855. Lepidoptera Heterocera.</a> <!--MARK--><!--MARK--><a href='null642c8f2c-b31c-4c9f-9ca3-4c940f907155' class='mouseoverHref'><em>List of the Specimens of Lepidopterous Insects in the Collection of the British Museum</em></a> <strong>5</strong>: 977-1257<!--MARK-->","","Article in Journal","3d8e0f51-eec4-4c98-83bc-190a1a607ef5","","642c8f2c-b31c-4c9f-9ca3-4c940f907155"
"Walker, F.","1856","Lepidoptera Heterocera","1508-1808 [incl. Index to parts 1-7]","","List of the Specimens of Lepidopterous Insects in the Collection of the British Museum","","","","<!--MARK--><a href='null31022ff7-3761-4536-8195-07a010ffb77e' class='mouseoverHref'>Walker, F. 1856. Lepidoptera Heterocera.</a> <!--MARK--><!--MARK--><a href='null642c8f2c-b31c-4c9f-9ca3-4c940f907155' class='mouseoverHref'><em>List of the Specimens of Lepidopterous Insects in the Collection of the British Museum</em></a> <strong>7</strong>: 1508-1808 [incl. Index to parts 1-7]<!--MARK--> [published May 1856]","published May 1856","Article in Journal","31022ff7-3761-4536-8195-07a010ffb77e","20101107T21:45:21.958+0000","642c8f2c-b31c-4c9f-9ca3-4c940f907155"
"Walker, F.","1858","Noctuidae","1237-1519","","List of the Specimens of Lepidopterous Insects in the Collection of the British Museum","","","","<!--MARK--><a href='null476e32a8-0dde-459e-9f0d-eff80cda8a24' class='mouseoverHref'>Walker, F. 1858. Noctuidae.</a> <!--MARK--><!--MARK--><a href='null642c8f2c-b31c-4c9f-9ca3-4c940f907155' class='mouseoverHref'><em>List of the Specimens of Lepidopterous Insects in the Collection of the British Museum</em></a> <strong>14</strong>: 1237-1519<!--MARK-->","","Article in Journal","476e32a8-0dde-459e-9f0d-eff80cda8a24","20081009T05:11:37.000+0000","642c8f2c-b31c-4c9f-9ca3-4c940f907155"
"Walker, F.","1860","Geometrites","277-498","","List of the Specimens of Lepidopterous Insects in the Collection of the British Museum","","","","<!--MARK--><a href='null8feb6aff-90a0-4c74-b3c5-bf7c45a37b45' class='mouseoverHref'>Walker, F. 1860. Geometrites.</a> <!--MARK--><!--MARK--><a href='null642c8f2c-b31c-4c9f-9ca3-4c940f907155' class='mouseoverHref'><em>List of the Specimens of Lepidopterous Insects in the Collection of the British Museum</em></a> <strong>21</strong>: 277-498<!--MARK-->","","Article in Journal","8feb6aff-90a0-4c74-b3c5-bf7c45a37b45","20081009T05:11:37.000+0000","642c8f2c-b31c-4c9f-9ca3-4c940f907155"
"Walker, F.","1862","Characters of undescribed Lepidoptera in the collection of W.W. Saunders, Esq., F.R.S., &c","263-279","","Transactions of the Entomological Society of London","","","","<!--MARK--><a href='null837b2df0-011a-4885-a815-c808e27a21bc' class='mouseoverHref'>Walker, F. 1862. Characters of undescribed Lepidoptera in the collection of W.W. Saunders, Esq., F.R.S., &c.</a> <!--MARK--><!--MARK--><a href='null5cf355b3-abc5-451e-9abc-ed3282d7811a' class='mouseoverHref'><em>Transactions of the Entomological Society of London</em></a> 3 <strong>1</strong>: 263-279<!--MARK-->","","Article in Journal","837b2df0-011a-4885-a815-c808e27a21bc","20110320T23:25:49.126+0000","5cf355b3-abc5-451e-9abc-ed3282d7811a"
"Walker, F.","1862","Geometrites","1021-1280","","List of the Specimens of Lepidopterous Insects in the Collection of the British Museum","","","","<!--MARK--><a href='null394c3286-fc11-407e-8a22-fc055abf80ef' class='mouseoverHref'>Walker, F. 1862. Geometrites.</a> <!--MARK--><!--MARK--><a href='null642c8f2c-b31c-4c9f-9ca3-4c940f907155' class='mouseoverHref'><em>List of the Specimens of Lepidopterous Insects in the Collection of the British Museum</em></a> <strong>24</strong>: 1021-1280<!--MARK-->","","Article in Journal","394c3286-fc11-407e-8a22-fc055abf80ef","20081009T05:11:37.000+0000","642c8f2c-b31c-4c9f-9ca3-4c940f907155"
"Walker, F.","1863","Geometrites","1478-1796","","List of the Specimens of Lepidopterous Insects in the Collection of the British Museum","","1863","","<!--MARK--><a href='null5b9987f0-346f-4e3f-ba76-47640ca46d29' class='mouseoverHref'>Walker, F. 1863. Geometrites.</a> <!--MARK--><!--MARK--><a href='null642c8f2c-b31c-4c9f-9ca3-4c940f907155' class='mouseoverHref'><em>List of the Specimens of Lepidopterous Insects in the Collection of the British Museum</em></a> <strong>26</strong>: 1478-1796<!--MARK--> [Date published 1863: incl. Index to parts 20-26; dated 1862]","incl. Index to parts 20-26; dated 1862","Article in Journal","5b9987f0-346f-4e3f-ba76-47640ca46d29","20140610T00:52:17.505+0000","642c8f2c-b31c-4c9f-9ca3-4c940f907155"
"Walker, F.","1863","List of the Specimens of Lepidopterous Insects in the Collection of the British Museum: Lepidoptera heterocera","1269-1803","","Bulletin of the British Museum (Natural History) Zoology","","1863","","<!--MARK--><a href='null240754ff-a348-4206-8907-f316a721b72c' class='mouseoverHref'>Walker, F. 1863. List of the Specimens of Lepidopterous Insects in the Collection of the British Museum: Lepidoptera heterocera.</a> <!--MARK--><!--MARK--><a href='nullb3f9c838-f530-4385-85ff-15e3c5466fb7' class='mouseoverHref'><em>Bulletin of the British Museum (Natural History) Zoology</em></a> <strong>26</strong>: 1269-1803<!--MARK--> [Date published 1863: dated 1862]","dated 1862","Article in Journal","240754ff-a348-4206-8907-f316a721b72c","20140610T01:06:27.417+0000","b3f9c838-f530-4385-85ff-15e3c5466fb7"
"Walker, F.","1865","Supplement 2","322-706","","List of the Specimens of Lepidopterous Insects in the Collection of the British Museum","","April","","<!--MARK--><a href='nullc738e1f5-b13a-499c-a628-f4725c95223e' class='mouseoverHref'>Walker, F. 1865. Supplement 2.</a> <!--MARK--><!--MARK--><a href='null642c8f2c-b31c-4c9f-9ca3-4c940f907155' class='mouseoverHref'><em>List of the Specimens of Lepidopterous Insects in the Collection of the British Museum</em></a> <strong>32</strong>: 322-706<!--MARK--> [Date published April]","","Article in Journal","c738e1f5-b13a-499c-a628-f4725c95223e","20110406T23:34:19.723+0000","642c8f2c-b31c-4c9f-9ca3-4c940f907155"
"Walker, F.","1866","Supplement 4","1121-1533","","List of the Specimens of Lepidopterous Insects in the Collection of the British Museum","","1866","","<!--MARK--><a href='null9bfb8daa-4cef-4fd7-8fd3-4dca42550e4e' class='mouseoverHref'>Walker, F. 1866. Supplement 4.</a> <!--MARK--><!--MARK--><a href='null642c8f2c-b31c-4c9f-9ca3-4c940f907155' class='mouseoverHref'><em>List of the Specimens of Lepidopterous Insects in the Collection of the British Museum</em></a> <strong>34</strong>: 1121-1533<!--MARK--> [Date published 1866: dated 1865]","dated 1865","Article in Journal","9bfb8daa-4cef-4fd7-8fd3-4dca42550e4e","20140610T03:45:19.536+0000","642c8f2c-b31c-4c9f-9ca3-4c940f907155"
"Walker, F.","1866","Supplement 5","1534-2040","","List of the Specimens of Lepidopterous Insects in the Collection of the British Museum","","","","<!--MARK--><a href='null56a82836-2f3e-4d80-9768-9feacf9e0642' class='mouseoverHref'>Walker, F. 1866. Supplement 5.</a> <!--MARK--><!--MARK--><a href='null642c8f2c-b31c-4c9f-9ca3-4c940f907155' class='mouseoverHref'><em>List of the Specimens of Lepidopterous Insects in the Collection of the British Museum</em></a> <strong>35</strong>: 1534-2040<!--MARK--> [incl. Summary and Index to parts 31-35]","incl. Summary and Index to parts 31-35","Article in Journal","56a82836-2f3e-4d80-9768-9feacf9e0642","20081009T05:11:37.000+0000","642c8f2c-b31c-4c9f-9ca3-4c940f907155"
"Walker, F.","1869","Characters of undescribed Lepidoptera Heterocera","112 pp.","","","","","E.W. Janson","<!--MARK--><a href='nulle27b1c7c-4c9a-4980-a291-3a649027edbe' class='mouseoverHref'>Walker, F. 1869. <em>Characters of undescribed Lepidoptera Heterocera</em>. London : E.W. Janson 112 pp.</a><!--MARK-->","","Book","e27b1c7c-4c9a-4980-a291-3a649027edbe","20081009T05:11:37.000+0000",""
"Wallengren, H.D.J.","1858","Nya fjäril-slägten","75-84, 135-143, 209-215","","Öfversigt af Kongelige Vetenskaps-Akademiens Förhandlingar, Stockholm","","","","<!--MARK--><a href='null43a834da-d85a-4d95-b9c6-47a94ee5d409' class='mouseoverHref'>Wallengren, H.D.J. 1858. Nya fjäril-slägten.</a> <!--MARK--><!--MARK--><a href='nullfc20d137-84ff-49b6-854c-8ee249f9a6f4' class='mouseoverHref'><em>Öfversigt af Kongelige Vetenskaps-Akademiens Förhandlingar, Stockholm</em></a> <strong>15</strong>: 75-84, 135-143, 209-215<!--MARK-->","","Article in Journal","43a834da-d85a-4d95-b9c6-47a94ee5d409","","fc20d137-84ff-49b6-854c-8ee249f9a6f4"
"Westwood, J.O.","1853","Descriptions of some new species of exotic moths belonging or allied to the genus <i>Saturnia</i>.","157-167, pls 32-33","","Proceedings of the Zoological Society of London","","","","<!--MARK--><a href='null2cc9b0ea-3c2f-408b-ae9e-07cacd772217' class='mouseoverHref'>Westwood, J.O. 1853. Descriptions of some new species of exotic moths belonging or allied to the genus <i>Saturnia</i>.</a> <!--MARK--><!--MARK--><a href='null511f299d-99ec-413c-bc4c-04a380829c96' class='mouseoverHref'><em>Proceedings of the Zoological Society of London</em></a> Annulosa <strong>1853</strong>: 157-167, pls 32-33<!--MARK-->","","Article in Journal","2cc9b0ea-3c2f-408b-ae9e-07cacd772217","20110408T05:40:33.772+0000","511f299d-99ec-413c-bc4c-04a380829c96"
"Westwood, J.O.","1854","Descriptions of some new species of exotic moths belonging or allied to the genus <i>Saturnia</i>","156-167, Annulosa, pls 32-33","","Proceedings of the Zoological Society of London","","","","<!--MARK--><a href='nullb5fab959-0d4a-4ec7-9b18-073d7cf26f27' class='mouseoverHref'>Westwood, J.O. 1854. Descriptions of some new species of exotic moths belonging or allied to the genus <i>Saturnia</i>.</a> <!--MARK--><!--MARK--><a href='null511f299d-99ec-413c-bc4c-04a380829c96' class='mouseoverHref'><em>Proceedings of the Zoological Society of London</em></a> <strong>1853</strong>(21): 156-167, Annulosa, pls 32-33<!--MARK-->","","Article in Journal","b5fab959-0d4a-4ec7-9b18-073d7cf26f27","20081009T05:11:37.000+0000","511f299d-99ec-413c-bc4c-04a380829c96"
"White, A.","1841","Notes on some insects from King George's Sound, collected and presented to the British Museum by Captain George Grey","450-482","Journals of Two Expeditions of Discovery in North-west and Western Australia<i>, during the years 1837, 38, and 39, under the authorship of Her Majesty's Government. Describing many newly discovered, important, and fertile districts, with observations on the moral and physical condition of the Aboriginal inhabitants, &c & c. 2 vols</i>","","","","","<!--MARK--><a href='nulle13e6ec5-270c-42b4-b084-e97432484131' class='mouseoverHref'>White, A. 1841. Notes on some insects from King George's Sound, collected and presented to the British Museum by Captain George Grey. pp. 450-482</a> <!--MARK--><em>in</em> <!--MARK--><a href='nulla978adc3-446e-44f8-818d-7e21cbfe9ac1' class='mouseoverHref'>Grey, G. (ed.). <em>Journals of Two Expeditions of Discovery in North-west and Western Australia<i>, during the years 1837, 38, and 39, under the authorship of Her Majesty's Government. Describing many newly discovered, important, and fertile districts, with observations on the moral and physical condition of the Aboriginal inhabitants, &c & c. 2 vols</i></em>. London : T. & W. Boone 412+482 pp., frontispiece, 2 maps.</a><!--MARK--><!--MARK--> [also published in facsimile edition: <I>Expeditions in Western Australia 1837-1839</I> (1983). Victoria Park : Hesperia Press]","also published in facsimile edition: <I>Expeditions in Western Australia 1837-1839</I> (1983). Victoria Park : Hesperia Press","Chapter in Book","e13e6ec5-270c-42b4-b084-e97432484131","20081009T05:11:37.000+0000","a978adc3-446e-44f8-818d-7e21cbfe9ac1"
"White, A.","1843","Descriptions of apparently new species and varieties of insects and other annulosa, principally from the collection in the British Museum","342-346","","Annals and Magazine of Natural History","","","","<!--MARK--><a href='nullc06a381c-c255-40cc-933d-da7feeb7c371' class='mouseoverHref'>White, A. 1843. Descriptions of apparently new species and varieties of insects and other annulosa, principally from the collection in the British Museum.</a> <!--MARK--><!--MARK--><a href='nullefa8de69-3a29-4a43-8ef2-cbefda205976' class='mouseoverHref'><em>Annals and Magazine of Natural History</em></a> <strong>12</strong>: 342-346<!--MARK-->","","Article in Journal","c06a381c-c255-40cc-933d-da7feeb7c371","20081009T05:11:37.000+0000","efa8de69-3a29-4a43-8ef2-cbefda205976"
"Zwick, A.","2006","<i>Phylogenetic analyses and taxonomy of Anthelidae (Lepidoptera)</i>","","","","","","","<!--MARK--><a href='nullb1735186-098f-43ee-a3e2-82e421640628' class='mouseoverHref'>Zwick, A. 2006. <i>Phylogenetic analyses and taxonomy of Anthelidae (Lepidoptera)</i>. PhD Thesis, The Australian National University, Canberra, Australia.</a>","","Miscellaneous","b1735186-098f-43ee-a3e2-82e421640628","20090305T21:38:50.726+0000",""
"Zwick, A.","2008","Molecular phylogeny of Anthelidae and other bombycoid taxa (Lepidoptera: Bombycoidea)","190-209","","Systematic Entomology","","","","<!--MARK--><a href='null91e72786-1cea-49d3-9b18-c78cb78927ff' class='mouseoverHref'>Zwick, A. 2008. Molecular phylogeny of Anthelidae and other bombycoid taxa (Lepidoptera: Bombycoidea).</a> <!--MARK--><!--MARK--><a href='null129a4a7d-1c4c-4650-87ea-27d58ad726d5' class='mouseoverHref'><em>Systematic Entomology</em></a> <strong>33</strong>: 190-209<!--MARK-->","","Article in Journal","91e72786-1cea-49d3-9b18-c78cb78927ff","20090305T21:27:57.199+0000","129a4a7d-1c4c-4650-87ea-27d58ad726d5"
"Zwick, A.","2009","The principal structure of male genital sclerites and muscles of bombycoid moths, with special reference to Anthelidae (Lepidoptera: Bombycoidea)","147-161","","Arthropod Structure & Development","","","","<!--MARK--><a href='nullf0a7a1cf-582e-40a3-8afa-0bae138a7863' class='mouseoverHref'>Zwick, A. 2009. The principal structure of male genital sclerites and muscles of bombycoid moths, with special reference to Anthelidae (Lepidoptera: Bombycoidea).</a> <!--MARK--><!--MARK--><a href='nulla4609daf-44b2-4fc6-a30d-7b97c04d26d0' class='mouseoverHref'><em>Arthropod Structure & Development</em></a> <strong>38</strong>: 147-161<!--MARK-->","","Article in Journal","f0a7a1cf-582e-40a3-8afa-0bae138a7863","20090722T00:53:52.732+0000","a4609daf-44b2-4fc6-a30d-7b97c04d26d0"
"Zwick, A., Regier, J.C., Mitter, C. & Cummings, M.P.","2011","Increased gene sampling yields robust support for higher-level clades within Bombycoidea (Lepidoptera)","31-43","","Systematic Entomology","","","","<!--MARK--><a href='null373c8db1-87eb-462e-aca3-47b0f6eef0d4' class='mouseoverHref'>Zwick, A., Regier, J.C., Mitter, C. & Cummings, M.P. 2011. Increased gene sampling yields robust support for higher-level clades within Bombycoidea (Lepidoptera).</a> <!--MARK--><!--MARK--><a href='null129a4a7d-1c4c-4650-87ea-27d58ad726d5' class='mouseoverHref'><em>Systematic Entomology</em></a> <strong>36</strong>: 31-43<!--MARK-->","","Article in Journal","373c8db1-87eb-462e-aca3-47b0f6eef0d4","20180219T22:44:42.314+0000","129a4a7d-1c4c-4650-87ea-27d58ad726d5"
