"PUB_AUTHOR","PUB_YEAR","PUB_TITLE","PUB_PAGES","PUB_PARENT_BOOK_TITLE","PUB_PARENT_JOURNAL_TITLE","PUB_PARENT_ARTICLE_TITLE","PUB_PUBLICATION_DATE","PUB_PUBLISHER","PUB_FORMATTED","PUB_QUALIFICATION","PUB_TYPE","PUBLICATION_GUID","PUBLICATION_LAST_UPDATE","PARENT_PUBLICATION_GUID"
"Agassiz, J.L.R.","1846","[1842-1847]. Nomenclatoris Zoologici, continens nomina systematica generum Animalium tam viventium quam fossilium, secundum ordinem alphabeticum disposita, adjectis auctoribus, libris in quibus reperiuntor, anno editionis, etymologia, et familis, ad quas pertinent, in variis classibus. (Lepidoptera)","Fasc. 9-10 [1846]; (Index universalis). 12 [1847] viii+393","","","","","Jent et Gassmann","<!--MARK--><a href='../../../../publication/a9cb8fc4-d006-4727-85ce-41008aa2a5a8' class='mouseoverHref'>Agassiz, J.L.R. 1846. <em>[1842-1847]. Nomenclatoris Zoologici, continens nomina systematica generum Animalium tam viventium quam fossilium, secundum ordinem alphabeticum disposita, adjectis auctoribus, libris in quibus reperiuntor, anno editionis, etymologia, et familis, ad quas pertinent, in variis classibus. (Lepidoptera)</em>. Soloduri : Jent et Gassmann pp. Fasc. 9-10 [1846]; (Index universalis). 12 [1847] viii+393.</a><!--MARK-->","","Book","a9cb8fc4-d006-4727-85ce-41008aa2a5a8","20081009T05:11:37.000+0000",""
"Ardoin, P.","1969","Note synonymique (Col. Tenebrionidae)","124-127","","Bulletin de la Société Entomologique de France","","","","<!--MARK--><a href='../../../../publication/6a02f8a8-d525-444b-bc3e-05a2d8b0e410' class='mouseoverHref'>Ardoin, P. 1969. Note synonymique (Col. Tenebrionidae).</a> <!--MARK--><!--MARK--><a href='../../../../publication/7853f77c-aa1b-42ec-bc2c-9758f7ff72c7' class='mouseoverHref'><em>Bulletin de la Société Entomologique de France</em></a> <strong>1969</strong>: 124-127<!--MARK-->","","Article in Journal","6a02f8a8-d525-444b-bc3e-05a2d8b0e410","20081009T05:11:37.000+0000","7853f77c-aa1b-42ec-bc2c-9758f7ff72c7"
"Bates, F.","1868","Descriptions of new genera and species of Heteromera","259-274, 309-326","","Transactions of the Entomological Society of London","","","","<!--MARK--><a href='../../../../publication/c1f0ca26-2623-46a0-8a22-954451fe87bc' class='mouseoverHref'>Bates, F. 1868. Descriptions of new genera and species of Heteromera.</a> <!--MARK--><!--MARK--><a href='../../../../publication/5cf355b3-abc5-451e-9abc-ed3282d7811a' class='mouseoverHref'><em>Transactions of the Entomological Society of London</em></a> <strong>1868</strong>: 259-274, 309-326<!--MARK-->","","Article in Journal","c1f0ca26-2623-46a0-8a22-954451fe87bc","20081009T05:11:37.000+0000","5cf355b3-abc5-451e-9abc-ed3282d7811a"
"Bates, F.","1873","Descriptions of new genera and species of Heteromera, chiefly from New Zealand and New Caledonia, together with a revision of the genus <i>Hypaulax</i> and description of an allied new genus from Colombia","472-485; <B>13</B>, 16-23, 102-114","","Annals and Magazine of Natural History","","","","<!--MARK--><a href='../../../../publication/d351bcbc-ce32-423b-b151-48e5c2e537f9' class='mouseoverHref'>Bates, F. 1873. Descriptions of new genera and species of Heteromera, chiefly from New Zealand and New Caledonia, together with a revision of the genus <i>Hypaulax</i> and description of an allied new genus from Colombia.</a> <!--MARK--><!--MARK--><a href='../../../../publication/efa8de69-3a29-4a43-8ef2-cbefda205976' class='mouseoverHref'><em>Annals and Magazine of Natural History</em></a> 4 <strong>12</strong>: 472-485; <B>13</B>, 16-23, 102-114<!--MARK-->","","Article in Journal","d351bcbc-ce32-423b-b151-48e5c2e537f9","20081009T05:11:37.000+0000","efa8de69-3a29-4a43-8ef2-cbefda205976"
"Bates, F.","1873","Descriptions of new genera and species of Tenebrionidae from Australia, New Caledonia and Norfolk Island","347-380","","Transactions of the Royal Entomological Society of London","","","","<!--MARK--><a href='../../../../publication/90ef3c04-c7a0-4a9f-9442-4e293d337dec' class='mouseoverHref'>Bates, F. 1873. Descriptions of new genera and species of Tenebrionidae from Australia, New Caledonia and Norfolk Island.</a> <!--MARK--><!--MARK--><a href='../../../../publication/aa458993-1b17-4c34-bd31-d6f8224d9b7d' class='mouseoverHref'><em>Transactions of the Royal Entomological Society of London</em></a> <strong>1873</strong>: 347-380<!--MARK-->","","Article in Journal","90ef3c04-c7a0-4a9f-9442-4e293d337dec","20081009T05:11:37.000+0000","aa458993-1b17-4c34-bd31-d6f8224d9b7d"
"Bates, F.","1874","Descriptions of new genera and species of Heteromera, chiefly from New Zealand and New Caledonia, together with a revision of the genus <i>Hypaulax</i> and description of an allied new genus from Colombia","16-23; 102-114","","Annals and Magazine of Natural History","","","","<!--MARK--><a href='../../../../publication/0620f164-37cb-40f6-8b20-6671710a6c53' class='mouseoverHref'>Bates, F. 1874. Descriptions of new genera and species of Heteromera, chiefly from New Zealand and New Caledonia, together with a revision of the genus <i>Hypaulax</i> and description of an allied new genus from Colombia.</a> <!--MARK--><!--MARK--><a href='../../../../publication/efa8de69-3a29-4a43-8ef2-cbefda205976' class='mouseoverHref'><em>Annals and Magazine of Natural History</em></a> 4 <strong>13</strong>: 16-23; 102-114<!--MARK-->","","Article in Journal","0620f164-37cb-40f6-8b20-6671710a6c53","20081009T05:11:37.000+0000","efa8de69-3a29-4a43-8ef2-cbefda205976"
"Blackburn, T.","1889","Further notes on Australian Coleoptera, with descriptions of new genera and species","1387-1506","","Proceedings of the Linnean Society of New South Wales","","22 March 1889","","<!--MARK--><a href='../../../../publication/d4f8fef7-2826-4cc1-b828-320074ab3eb4' class='mouseoverHref'>Blackburn, T. 1889. Further notes on Australian Coleoptera, with descriptions of new genera and species.</a> <!--MARK--><!--MARK--><a href='../../../../publication/c12cd779-adb5-41ea-bd2c-75f6864cf22e' class='mouseoverHref'><em>Proceedings of the Linnean Society of New South Wales</em></a> 2 <strong>3</strong>: 1387-1506<!--MARK--> [Date published 22 March 1889]","","Article in Journal","d4f8fef7-2826-4cc1-b828-320074ab3eb4","20111129T00:40:57.802+0000","c12cd779-adb5-41ea-bd2c-75f6864cf22e"
"Blackburn, T.","1892","Further notes on Australian Coleoptera, with descriptions of new genera and species. Part XII","207-261","","Transactions of the Royal Society of South Australia","","","","<!--MARK--><a href='../../../../publication/0d84cf24-1eeb-492f-b841-63c4658cc46e' class='mouseoverHref'>Blackburn, T. 1892. Further notes on Australian Coleoptera, with descriptions of new genera and species. Part XII.</a> <!--MARK--><!--MARK--><a href='../../../../publication/8b48b0a3-dd7a-4aea-be0d-10a223710ebc' class='mouseoverHref'><em>Transactions of the Royal Society of South Australia</em></a> <strong>15</strong>(2): 207-261<!--MARK-->","","Article in Journal","0d84cf24-1eeb-492f-b841-63c4658cc46e","20081009T05:11:37.000+0000","8b48b0a3-dd7a-4aea-be0d-10a223710ebc"
"Blackburn, T.","1894","Notes on Australian Coleoptera with descriptions of new species. Part XV","85-108","","Proceedings of the Linnean Society of New South Wales","","","","<!--MARK--><a href='../../../../publication/543687e0-7bd6-48b6-b69b-6c6f59a4fb6f' class='mouseoverHref'>Blackburn, T. 1894. Notes on Australian Coleoptera with descriptions of new species. Part XV.</a> <!--MARK--><!--MARK--><a href='../../../../publication/c12cd779-adb5-41ea-bd2c-75f6864cf22e' class='mouseoverHref'><em>Proceedings of the Linnean Society of New South Wales</em></a> 2 <strong>9</strong>: 85-108<!--MARK-->","","Article in Journal","543687e0-7bd6-48b6-b69b-6c6f59a4fb6f","20081009T05:11:37.000+0000","c12cd779-adb5-41ea-bd2c-75f6864cf22e"
"Blanchard, E.","1853","Voyage au Pôle Sud et dans l'Océanie sur les corvettes l'Astrolabe et la Zélée, 1837-40","","","","","","","<!--MARK--><a href='../../../../publication/5b9de6e7-7189-498b-a965-d7fd31e5e077' class='mouseoverHref'>Blanchard, E. 1853. Voyage au Pôle Sud et dans l'Océanie sur les corvettes l'Astrolabe et la Zélée, 1837-40. Zoologie, Insectes, Tome 4. 422 pp., Atlas. Paris.</a>","","Miscellaneous","5b9de6e7-7189-498b-a965-d7fd31e5e077","20081009T05:11:37.000+0000",""
"Blessig, C.","1861","Beitrag zur Kenntniss der Heteromeren von Australia Felix","87-115","","Horae Societatis Entomologicae Rossicae","","","","<!--MARK--><a href='../../../../publication/5a9c2d7b-1c46-4196-9b21-c97524ca2ae9' class='mouseoverHref'>Blessig, C. 1861. Beitrag zur Kenntniss der Heteromeren von Australia Felix.</a> <!--MARK--><!--MARK--><a href='../../../../publication/4170ee18-5d62-4bf0-9475-603bf65de2cc' class='mouseoverHref'><em>Horae Societatis Entomologicae Rossicae</em></a> <strong>1</strong>: 87-115<!--MARK-->","","Article in Journal","5a9c2d7b-1c46-4196-9b21-c97524ca2ae9","20081009T05:11:37.000+0000","4170ee18-5d62-4bf0-9475-603bf65de2cc"
"Boisduval, J.B.A.","1835","Voyage de Découvertes de l' Astrolabe Exécuté par Ordre du Roi, pendent les Années 1826, 1827, 1828, 1829, sous le Commandement de M.J. Dumont d'Urville","","","","","","","<!--MARK--><a href='../../../../publication/c1822a7e-f8e8-4b40-bf83-87e6b2ee3215' class='mouseoverHref'>Boisduval, J.B.A. 1835. Voyage de Découvertes de l' Astrolabe Exécuté par Ordre du Roi, pendent les Années 1826, 1827, 1828, 1829, sous le Commandement de M.J. Dumont d'Urville. Faune Entomologique de l'Océan Pacifique, avec l'Illustration des Insectes Nouveaux Recueillis pendent le Voyage. Deuxième Partie. Coléoptères et autres Ordres. Paris.</a>","","Miscellaneous","c1822a7e-f8e8-4b40-bf83-87e6b2ee3215","20081009T05:11:37.000+0000",""
"Bouchard, P.","2000","<i>Cuemus</i>, a new genus of Tenebrionidae (Coleoptera) from the northern Queensland wet tropics","95-100","","Memoirs of the Queensland Museum","","","","<!--MARK--><a href='../../../../publication/fc941ea6-460e-4afa-8942-1a7f44cec5c9' class='mouseoverHref'>Bouchard, P. 2000. <i>Cuemus</i>, a new genus of Tenebrionidae (Coleoptera) from the northern Queensland wet tropics.</a> <!--MARK--><!--MARK--><a href='../../../../publication/1a0a2982-9f30-43e1-a641-b0379699837c' class='mouseoverHref'><em>Memoirs of the Queensland Museum</em></a> <strong>46</strong>: 95-100<!--MARK-->","","Article in Journal","fc941ea6-460e-4afa-8942-1a7f44cec5c9","20081009T05:11:37.000+0000","1a0a2982-9f30-43e1-a641-b0379699837c"
"Bouchard, P.","2002","Phylogenetic revision of the flightless Australian genus <i>Apterotheca</i> Gebien (Coleoptera: Tenebrionidae: Coelometopinae)","449-554","","Invertebrate Systematics","","","","<!--MARK--><a href='../../../../publication/a96b9a30-5839-4489-8ee7-48cc81a96f6e' class='mouseoverHref'>Bouchard, P. 2002. Phylogenetic revision of the flightless Australian genus <i>Apterotheca</i> Gebien (Coleoptera: Tenebrionidae: Coelometopinae).</a> <!--MARK--><!--MARK--><a href='../../../../publication/7ef62e6c-73cc-4912-8ea7-5752f95e8e8a' class='mouseoverHref'><em>Invertebrate Systematics</em></a> <strong>16</strong>: 449-554<!--MARK-->","","Article in Journal","a96b9a30-5839-4489-8ee7-48cc81a96f6e","20081009T05:11:37.000+0000","7ef62e6c-73cc-4912-8ea7-5752f95e8e8a"
"Bouchard, P., Lawrence, J.F., Davies, A.E. & Newton, A.F.","2005","Synoptic classification of the world Tenebrionidae (Insecta: Coleoptera) with a review of the family-group names","499-530","","Annales Zoologici, Warszawa","","","","<!--MARK--><a href='../../../../publication/9c8e300c-d4dd-4f03-a6b0-2d03d18688a8' class='mouseoverHref'>Bouchard, P., Lawrence, J.F., Davies, A.E. & Newton, A.F. 2005. Synoptic classification of the world Tenebrionidae (Insecta: Coleoptera) with a review of the family-group names.</a> <!--MARK--><!--MARK--><a href='../../../../publication/45d6cf5f-cfa8-4561-85c5-8cdf0d2982bf' class='mouseoverHref'><em>Annales Zoologici, Warszawa</em></a> 4 <strong>55</strong>: 499-530<!--MARK-->","","Article in Journal","9c8e300c-d4dd-4f03-a6b0-2d03d18688a8","20111220T02:42:25.016+0000","45d6cf5f-cfa8-4561-85c5-8cdf0d2982bf"
"Buck, F.D.","1960","A genus and species of Tenebrionidae (Col.) from Australia new to science","224-225","","Entomologist's Monthly Magazine","","","","<!--MARK--><a href='../../../../publication/e1244ca0-43c5-4c11-bd4c-9039df471550' class='mouseoverHref'>Buck, F.D. 1960. A genus and species of Tenebrionidae (Col.) from Australia new to science.</a> <!--MARK--><!--MARK--><a href='../../../../publication/cbd5c497-64d0-4fae-97ee-22719c3ca286' class='mouseoverHref'><em>Entomologist's Monthly Magazine</em></a> <strong>95</strong>: 224-225<!--MARK-->","","Article in Journal","e1244ca0-43c5-4c11-bd4c-9039df471550","20081009T05:11:37.000+0000","cbd5c497-64d0-4fae-97ee-22719c3ca286"
"Carter, H.C.","1914","Notes on Tenebrionidae in the South Australian Museum, collected by Mr. A. M. Lea, 1911-1912, with descriptions of new species","219-238","","Transactions of the Royal Society of South Australia","","","","<!--MARK--><a href='../../../../publication/6e707cdb-b240-4ad3-a2c4-e349c3809b6c' class='mouseoverHref'>Carter, H.C. 1914. Notes on Tenebrionidae in the South Australian Museum, collected by Mr. A. M. Lea, 1911-1912, with descriptions of new species.</a> <!--MARK--><!--MARK--><a href='../../../../publication/8b48b0a3-dd7a-4aea-be0d-10a223710ebc' class='mouseoverHref'><em>Transactions of the Royal Society of South Australia</em></a> <strong>38</strong>: 219-238<!--MARK-->","","Article in Journal","6e707cdb-b240-4ad3-a2c4-e349c3809b6c","20081009T05:11:37.000+0000","8b48b0a3-dd7a-4aea-be0d-10a223710ebc"
"Carter, H.J.","1905","Descriptions of new species of Australian Coleoptera. Part 1","177-189","","Proceedings of the Linnean Society of New South Wales","","","","<!--MARK--><a href='../../../../publication/dffea6dd-616c-46e9-bb5d-d93a3e9a8f53' class='mouseoverHref'>Carter, H.J. 1905. Descriptions of new species of Australian Coleoptera. Part 1.</a> <!--MARK--><!--MARK--><a href='../../../../publication/c12cd779-adb5-41ea-bd2c-75f6864cf22e' class='mouseoverHref'><em>Proceedings of the Linnean Society of New South Wales</em></a> <strong>30</strong>: 177-189<!--MARK-->","","Article in Journal","dffea6dd-616c-46e9-bb5d-d93a3e9a8f53","20120515T22:53:57.493+0000","c12cd779-adb5-41ea-bd2c-75f6864cf22e"
"Carter, H.J.","1911","Revision of <i>Pterohelaeus</i> (continued) and of Saragus; with descriptions of new species of Australian Tenebrionidae","179-223, pl. VIII","","Proceedings of the Linnean Society of New South Wales","","","","<!--MARK--><a href='../../../../publication/40fb2f8b-d996-46c0-a613-2d687ac26d9f' class='mouseoverHref'>Carter, H.J. 1911. Revision of <i>Pterohelaeus</i> (continued) and of Saragus; with descriptions of new species of Australian Tenebrionidae.</a> <!--MARK--><!--MARK--><a href='../../../../publication/c12cd779-adb5-41ea-bd2c-75f6864cf22e' class='mouseoverHref'><em>Proceedings of the Linnean Society of New South Wales</em></a> <strong>36</strong>: 179-223, pl. VIII<!--MARK-->","","Article in Journal","40fb2f8b-d996-46c0-a613-2d687ac26d9f","","c12cd779-adb5-41ea-bd2c-75f6864cf22e"
"Carter, H.J.","1913","Revision of Australian species of the subfamilies Cyphaleinae and Cnodaloninae. (Fam. Tenebrionidae)","61-105, pls VI,VII","","Proceedings of the Linnean Society of New South Wales","","","","<!--MARK--><a href='../../../../publication/bdae8bc4-5266-4e20-95a7-d661463de0e9' class='mouseoverHref'>Carter, H.J. 1913. Revision of Australian species of the subfamilies Cyphaleinae and Cnodaloninae. (Fam. Tenebrionidae).</a> <!--MARK--><!--MARK--><a href='../../../../publication/c12cd779-adb5-41ea-bd2c-75f6864cf22e' class='mouseoverHref'><em>Proceedings of the Linnean Society of New South Wales</em></a> <strong>38</strong>: 61-105, pls VI,VII<!--MARK-->","","Article in Journal","bdae8bc4-5266-4e20-95a7-d661463de0e9","","c12cd779-adb5-41ea-bd2c-75f6864cf22e"
"Carter, H.J.","1914","Notes on Australian Tenebrionidae, with descriptions of new species","369-406","","Transactions of the Royal Society of South Australia","","","","<!--MARK--><a href='../../../../publication/ffc66a38-1704-4045-b835-89cdd279bc32' class='mouseoverHref'>Carter, H.J. 1914. Notes on Australian Tenebrionidae, with descriptions of new species.</a> <!--MARK--><!--MARK--><a href='../../../../publication/8b48b0a3-dd7a-4aea-be0d-10a223710ebc' class='mouseoverHref'><em>Transactions of the Royal Society of South Australia</em></a> <strong>38</strong>: 369-406<!--MARK-->","","Article in Journal","ffc66a38-1704-4045-b835-89cdd279bc32","20081009T05:11:37.000+0000","8b48b0a3-dd7a-4aea-be0d-10a223710ebc"
"Carter, H.J.","1914","Revision of the subfamily Tenebrioninae, Family Tenebrionidae. (Australian species: with descriptions of new species of Tenebrioninae and Cyphaleinae)","44-86","","Proceedings of the Linnean Society of New South Wales","","","","<!--MARK--><a href='../../../../publication/2acddbfc-832e-472c-9341-60dc47faf2f7' class='mouseoverHref'>Carter, H.J. 1914. Revision of the subfamily Tenebrioninae, Family Tenebrionidae. (Australian species: with descriptions of new species of Tenebrioninae and Cyphaleinae).</a> <!--MARK--><!--MARK--><a href='../../../../publication/c12cd779-adb5-41ea-bd2c-75f6864cf22e' class='mouseoverHref'><em>Proceedings of the Linnean Society of New South Wales</em></a> <strong>39</strong>: 44-86<!--MARK-->","","Article in Journal","2acddbfc-832e-472c-9341-60dc47faf2f7","","c12cd779-adb5-41ea-bd2c-75f6864cf22e"
"Carter, H.J.","1915","The Australian Strongyliinae and other Tenebrionidae, with descriptions of new genera and species. (Family Tenebrionidae)","522-539","","Proceedings of the Linnean Society of New South Wales","","","","<!--MARK--><a href='../../../../publication/4f64a6a5-52a2-4983-b565-68547e6bad34' class='mouseoverHref'>Carter, H.J. 1915. The Australian Strongyliinae and other Tenebrionidae, with descriptions of new genera and species. (Family Tenebrionidae).</a> <!--MARK--><!--MARK--><a href='../../../../publication/c12cd779-adb5-41ea-bd2c-75f6864cf22e' class='mouseoverHref'><em>Proceedings of the Linnean Society of New South Wales</em></a> <strong>40</strong>: 522-539<!--MARK-->","","Article in Journal","4f64a6a5-52a2-4983-b565-68547e6bad34","20130319T03:21:17.331+0000","c12cd779-adb5-41ea-bd2c-75f6864cf22e"
"Carter, H.J.","1918","Some new Heteromera, and one <i>Stigmodera</i> from Tropical Australia","701-719","","Proceedings of the Linnean Society of New South Wales","","","","<!--MARK--><a href='../../../../publication/d22d2434-8408-4ad9-88dc-20b10cd8a576' class='mouseoverHref'>Carter, H.J. 1918. Some new Heteromera, and one <i>Stigmodera</i> from Tropical Australia.</a> <!--MARK--><!--MARK--><a href='../../../../publication/c12cd779-adb5-41ea-bd2c-75f6864cf22e' class='mouseoverHref'><em>Proceedings of the Linnean Society of New South Wales</em></a> <strong>42</strong>([1917]): 701-719<!--MARK--> [dated 1917]","dated 1917","Article in Journal","d22d2434-8408-4ad9-88dc-20b10cd8a576","20081009T05:11:37.000+0000","c12cd779-adb5-41ea-bd2c-75f6864cf22e"
"Carter, H.J.","1920","Notes on some Australian Tenebrionidae, with descriptions of new species; -- also of a new genus and species of Buprestidae","222-249","","Proceedings of the Linnean Society of New South Wales","","","","<!--MARK--><a href='../../../../publication/9fdeb723-c962-402e-be39-d021744578d8' class='mouseoverHref'>Carter, H.J. 1920. Notes on some Australian Tenebrionidae, with descriptions of new species; -- also of a new genus and species of Buprestidae.</a> <!--MARK--><!--MARK--><a href='../../../../publication/c12cd779-adb5-41ea-bd2c-75f6864cf22e' class='mouseoverHref'><em>Proceedings of the Linnean Society of New South Wales</em></a> <strong>45</strong>: 222-249<!--MARK-->","","Article in Journal","9fdeb723-c962-402e-be39-d021744578d8","20081009T05:11:37.000+0000","c12cd779-adb5-41ea-bd2c-75f6864cf22e"
"Carter, H.J.","1921","Australian Coleoptera: Notes and new species","301-323","","Proceedings of the Linnean Society of New South Wales","","","","<!--MARK--><a href='../../../../publication/2a4ec792-994d-45f9-a5b9-edc242659d0e' class='mouseoverHref'>Carter, H.J. 1921. Australian Coleoptera: Notes and new species.</a> <!--MARK--><!--MARK--><a href='../../../../publication/c12cd779-adb5-41ea-bd2c-75f6864cf22e' class='mouseoverHref'><em>Proceedings of the Linnean Society of New South Wales</em></a> <strong>46</strong>(3): 301-323<!--MARK-->","","Article in Journal","2a4ec792-994d-45f9-a5b9-edc242659d0e","20081009T05:11:37.000+0000","c12cd779-adb5-41ea-bd2c-75f6864cf22e"
"Carter, H.J.","1922","Australian Coleoptera: Notes and new species. No. ii","65-82","","Proceedings of the Linnean Society of New South Wales","","","","<!--MARK--><a href='../../../../publication/738f965f-e213-41b7-ac67-c85a64596b8c' class='mouseoverHref'>Carter, H.J. 1922. Australian Coleoptera: Notes and new species. No. ii.</a> <!--MARK--><!--MARK--><a href='../../../../publication/c12cd779-adb5-41ea-bd2c-75f6864cf22e' class='mouseoverHref'><em>Proceedings of the Linnean Society of New South Wales</em></a> <strong>47</strong>(2): 65-82<!--MARK-->","","Article in Journal","738f965f-e213-41b7-ac67-c85a64596b8c","20081009T05:11:37.000+0000","c12cd779-adb5-41ea-bd2c-75f6864cf22e"
"Carter, H.J.","1924","Australian Coleoptera -- notes and new species. No. iii","19-45","","Proceedings of the Linnean Society of New South Wales","","","","<!--MARK--><a href='../../../../publication/055d900c-c951-4f2c-880e-3699ebb96c58' class='mouseoverHref'>Carter, H.J. 1924. Australian Coleoptera -- notes and new species. No. iii.</a> <!--MARK--><!--MARK--><a href='../../../../publication/c12cd779-adb5-41ea-bd2c-75f6864cf22e' class='mouseoverHref'><em>Proceedings of the Linnean Society of New South Wales</em></a> <strong>49</strong>: 19-45<!--MARK-->","","Article in Journal","055d900c-c951-4f2c-880e-3699ebb96c58","","c12cd779-adb5-41ea-bd2c-75f6864cf22e"
"Carter, H.J.","1924","Australian Coleoptera -- notes and new species. No. iv","521-544","","Proceedings of the Linnean Society of New South Wales","","","","<!--MARK--><a href='../../../../publication/0edf4101-5077-405b-b0eb-7f547db88946' class='mouseoverHref'>Carter, H.J. 1924. Australian Coleoptera -- notes and new species. No. iv.</a> <!--MARK--><!--MARK--><a href='../../../../publication/c12cd779-adb5-41ea-bd2c-75f6864cf22e' class='mouseoverHref'><em>Proceedings of the Linnean Society of New South Wales</em></a> <strong>49</strong>: 521-544<!--MARK-->","","Article in Journal","0edf4101-5077-405b-b0eb-7f547db88946","20081009T05:11:37.000+0000","c12cd779-adb5-41ea-bd2c-75f6864cf22e"
"Carter, H.J.","1925","Revision of the Australian species of <i>Chrysobothris</i> (Fam. Buprestidae), together with notes and descriptions of new species of Coleoptera","225-244","","Proceedings of the Linnean Society of New South Wales","","","","<!--MARK--><a href='../../../../publication/1950eebf-c010-4d3d-9fa5-1abbf12c7877' class='mouseoverHref'>Carter, H.J. 1925. Revision of the Australian species of <i>Chrysobothris</i> (Fam. Buprestidae), together with notes and descriptions of new species of Coleoptera.</a> <!--MARK--><!--MARK--><a href='../../../../publication/c12cd779-adb5-41ea-bd2c-75f6864cf22e' class='mouseoverHref'><em>Proceedings of the Linnean Society of New South Wales</em></a> <strong>50</strong>: 225-244<!--MARK-->","","Article in Journal","1950eebf-c010-4d3d-9fa5-1abbf12c7877","","c12cd779-adb5-41ea-bd2c-75f6864cf22e"
"Carter, H.J.","1926","A check list of the Australian Tenebrionidae","117-163 pls xvi-xvii","","The Australian Zoologist","","","","<!--MARK--><a href='../../../../publication/b4a44d2f-af6a-4c16-903e-ca819c82d59a' class='mouseoverHref'>Carter, H.J. 1926. A check list of the Australian Tenebrionidae.</a> <!--MARK--><!--MARK--><a href='../../../../publication/48148530-5362-4b4a-a304-7ea21fe0d6b7' class='mouseoverHref'><em>The Australian Zoologist</em></a> <strong>4</strong>(3): 117-163 pls xvi-xvii<!--MARK--> [22 Feb. 1926]","22 Feb. 1926","Article in Journal","b4a44d2f-af6a-4c16-903e-ca819c82d59a","","48148530-5362-4b4a-a304-7ea21fe0d6b7"
"Carter, H.J.","1926","Revision of <i>Athemistus</i> and <i>Microtragus</i> (Fam. Cerambycidae) with notes, and descriptions of other Australian Coleoptera","492-516","","Proceedings of the Linnean Society of New South Wales","","","","<!--MARK--><a href='../../../../publication/202d5396-a3bb-4c21-8664-5585c22f4500' class='mouseoverHref'>Carter, H.J. 1926. Revision of <i>Athemistus</i> and <i>Microtragus</i> (Fam. Cerambycidae) with notes, and descriptions of other Australian Coleoptera.</a> <!--MARK--><!--MARK--><a href='../../../../publication/c12cd779-adb5-41ea-bd2c-75f6864cf22e' class='mouseoverHref'><em>Proceedings of the Linnean Society of New South Wales</em></a> <strong>51</strong>(4): 492-516<!--MARK--> [15 Dec. 1926]","15 Dec. 1926","Article in Journal","202d5396-a3bb-4c21-8664-5585c22f4500","20130319T03:07:40.288+0000","c12cd779-adb5-41ea-bd2c-75f6864cf22e"
"Carter, H.J.","1926","Revision of the Australasian species of <i>Anilara</i> (Fam. Buprestidae) and <i>Helmis</i> (Fam. Dryopidae), with notes, and descriptions of other Australian Coleoptera","50-71","","Proceedings of the Linnean Society of New South Wales","","","","<!--MARK--><a href='../../../../publication/b4f398f5-42a5-4853-aece-213eb7f71485' class='mouseoverHref'>Carter, H.J. 1926. Revision of the Australasian species of <i>Anilara</i> (Fam. Buprestidae) and <i>Helmis</i> (Fam. Dryopidae), with notes, and descriptions of other Australian Coleoptera.</a> <!--MARK--><!--MARK--><a href='../../../../publication/c12cd779-adb5-41ea-bd2c-75f6864cf22e' class='mouseoverHref'><em>Proceedings of the Linnean Society of New South Wales</em></a> <strong>51</strong>(2): 50-71<!--MARK--> [1 Jul. 1926]","1 Jul. 1926","Article in Journal","b4f398f5-42a5-4853-aece-213eb7f71485","","c12cd779-adb5-41ea-bd2c-75f6864cf22e"
"Carter, H.J.","1927","Australian Coleoptera: Notes and new species. No. v","222-234","","Proceedings of the Linnean Society of New South Wales","","","","<!--MARK--><a href='../../../../publication/b1dbb0c4-583c-4f9f-9c21-bdbcea661a38' class='mouseoverHref'>Carter, H.J. 1927. Australian Coleoptera: Notes and new species. No. v.</a> <!--MARK--><!--MARK--><a href='../../../../publication/c12cd779-adb5-41ea-bd2c-75f6864cf22e' class='mouseoverHref'><em>Proceedings of the Linnean Society of New South Wales</em></a> <strong>52</strong>(2): 222-234<!--MARK-->","","Article in Journal","b1dbb0c4-583c-4f9f-9c21-bdbcea661a38","20130319T03:04:29.048+0000","c12cd779-adb5-41ea-bd2c-75f6864cf22e"
"Carter, H.J.","1928","Some new Australian Heteromera in the Germ. Entomolog. Museum Dahlem (Col.)","132-138","","Entomologische Mitteilungen. Berlin-Dahlem","","","","<!--MARK--><a href='../../../../publication/54b67311-7d0b-47c1-a7ef-9a0346e97eae' class='mouseoverHref'>Carter, H.J. 1928. Some new Australian Heteromera in the Germ. Entomolog. Museum Dahlem (Col.).</a> <!--MARK--><!--MARK--><a href='../../../../publication/ac06ba2d-be9d-4dfe-91bb-bb21ae357dec' class='mouseoverHref'><em>Entomologische Mitteilungen. Berlin-Dahlem</em></a> <strong>17</strong>: 132-138<!--MARK-->","","Article in Journal","54b67311-7d0b-47c1-a7ef-9a0346e97eae","20081009T05:11:37.000+0000","ac06ba2d-be9d-4dfe-91bb-bb21ae357dec"
"Carter, H.J.","1930","Australian Coleoptera: notes and new species. vii","179-190, 1 text fig.","","Proceedings of the Linnean Society of New South Wales","","","","<!--MARK--><a href='../../../../publication/444c6877-c95d-4535-85d9-55fabd035fb2' class='mouseoverHref'>Carter, H.J. 1930. Australian Coleoptera: notes and new species. vii.</a> <!--MARK--><!--MARK--><a href='../../../../publication/c12cd779-adb5-41ea-bd2c-75f6864cf22e' class='mouseoverHref'><em>Proceedings of the Linnean Society of New South Wales</em></a> <strong>55</strong>: 179-190, 1 text fig.<!--MARK--> [14 May 1930]","14 May 1930","Article in Journal","444c6877-c95d-4535-85d9-55fabd035fb2","","c12cd779-adb5-41ea-bd2c-75f6864cf22e"
"Carter, H.J.","1930","New Guinea and Australian Coleoptera. Notes and new species","532-549","","Proceedings of the Linnean Society of New South Wales","","15 Dec. 1930","","<!--MARK--><a href='../../../../publication/ff95b42f-ec94-4d3e-b654-47c4f62c1cc0' class='mouseoverHref'>Carter, H.J. 1930. New Guinea and Australian Coleoptera. Notes and new species.</a> <!--MARK--><!--MARK--><a href='../../../../publication/c12cd779-adb5-41ea-bd2c-75f6864cf22e' class='mouseoverHref'><em>Proceedings of the Linnean Society of New South Wales</em></a> <strong>55</strong>: 532-549<!--MARK--> [Date published 15 Dec. 1930]","","Article in Journal","ff95b42f-ec94-4d3e-b654-47c4f62c1cc0","20120112T03:03:38.720+0000","c12cd779-adb5-41ea-bd2c-75f6864cf22e"
"Carter, H.J.","1932","New Guinea and Australian Coleoptera. Notes and new species. No. 2","101-115","","Proceedings of the Linnean Society of New South Wales","","","","<!--MARK--><a href='../../../../publication/e8d4073f-4a66-42c2-b5a6-6be5666f0d1d' class='mouseoverHref'>Carter, H.J. 1932. New Guinea and Australian Coleoptera. Notes and new species. No. 2.</a> <!--MARK--><!--MARK--><a href='../../../../publication/c12cd779-adb5-41ea-bd2c-75f6864cf22e' class='mouseoverHref'><em>Proceedings of the Linnean Society of New South Wales</em></a> <strong>57</strong>(3-4): 101-115<!--MARK-->","","Article in Journal","e8d4073f-4a66-42c2-b5a6-6be5666f0d1d","20081009T05:11:37.000+0000","c12cd779-adb5-41ea-bd2c-75f6864cf22e"
"Carter, H.J.","1933","Australian Coleoptera. Notes and new species. VIII","159-180","","Proceedings of the Linnean Society of New South Wales","","","","<!--MARK--><a href='../../../../publication/9f9bdd45-1b5c-431d-9d02-979303507e99' class='mouseoverHref'>Carter, H.J. 1933. Australian Coleoptera. Notes and new species. VIII.</a> <!--MARK--><!--MARK--><a href='../../../../publication/c12cd779-adb5-41ea-bd2c-75f6864cf22e' class='mouseoverHref'><em>Proceedings of the Linnean Society of New South Wales</em></a> <strong>58</strong>(3-4): 159-180<!--MARK-->","","Article in Journal","9f9bdd45-1b5c-431d-9d02-979303507e99","20081009T05:11:37.000+0000","c12cd779-adb5-41ea-bd2c-75f6864cf22e"
"Carter, H.J.","1934","Australian and New Guinea Coleoptera. Notes and new species. No. iii","252-269","","Proceedings of the Linnean Society of New South Wales","","","","<!--MARK--><a href='../../../../publication/27ac3436-e055-410a-93b3-7c793e4eae1e' class='mouseoverHref'>Carter, H.J. 1934. Australian and New Guinea Coleoptera. Notes and new species. No. iii.</a> <!--MARK--><!--MARK--><a href='../../../../publication/c12cd779-adb5-41ea-bd2c-75f6864cf22e' class='mouseoverHref'><em>Proceedings of the Linnean Society of New South Wales</em></a> <strong>59</strong>(3-4): 252-269<!--MARK-->","","Article in Journal","27ac3436-e055-410a-93b3-7c793e4eae1e","20081009T05:11:37.000+0000","c12cd779-adb5-41ea-bd2c-75f6864cf22e"
"Carter, H.J.","1937","Some new Tenebrionidae in the South Australian Museum; together with notes and descriptions of other Australian Coleoptera","121-144, pls V, VIII","","Transactions of the Royal Society of South Australia","","","","<!--MARK--><a href='../../../../publication/d0177cc0-6bc1-406b-9cab-4d1431e8091b' class='mouseoverHref'>Carter, H.J. 1937. Some new Tenebrionidae in the South Australian Museum; together with notes and descriptions of other Australian Coleoptera.</a> <!--MARK--><!--MARK--><a href='../../../../publication/8b48b0a3-dd7a-4aea-be0d-10a223710ebc' class='mouseoverHref'><em>Transactions of the Royal Society of South Australia</em></a> <strong>61</strong>: 121-144, pls V, VIII<!--MARK-->","","Article in Journal","d0177cc0-6bc1-406b-9cab-4d1431e8091b","20081009T05:11:37.000+0000","8b48b0a3-dd7a-4aea-be0d-10a223710ebc"
"Carter, H.J.","1939","Australian Coleoptera. Notes and new species. No. XI. (Mostly Elateridae)","297-330, pls VIII, IX","","Proceedings of the Linnean Society of New South Wales","","","","<!--MARK--><a href='../../../../publication/8f431a4a-d78c-4d40-bcd4-0ccfd39cc41e' class='mouseoverHref'>Carter, H.J. 1939. Australian Coleoptera. Notes and new species. No. XI. (Mostly Elateridae).</a> <!--MARK--><!--MARK--><a href='../../../../publication/c12cd779-adb5-41ea-bd2c-75f6864cf22e' class='mouseoverHref'><em>Proceedings of the Linnean Society of New South Wales</em></a> <strong>64</strong>(3-4): 297-330, pls VIII, IX<!--MARK-->","","Article in Journal","8f431a4a-d78c-4d40-bcd4-0ccfd39cc41e","20130319T00:55:50.466+0000","c12cd779-adb5-41ea-bd2c-75f6864cf22e"
"Casey, T.L.","1924","Additions to the known Coleoptera of North America","1-347","","Memoirs on the Coleoptera","","","","<!--MARK--><a href='../../../../publication/9020cd59-d223-4d5f-bfe6-7089d0189762' class='mouseoverHref'>Casey, T.L. 1924. Additions to the known Coleoptera of North America.</a> <!--MARK--><!--MARK--><a href='../../../../publication/272fc486-d1ff-4832-ba4c-7936ac5c78d8' class='mouseoverHref'><em>Memoirs on the Coleoptera</em></a> <strong>11</strong>: 1-347<!--MARK-->","","Article in Journal","9020cd59-d223-4d5f-bfe6-7089d0189762","20081009T05:11:37.000+0000","272fc486-d1ff-4832-ba4c-7936ac5c78d8"
"Champion, G.C.","1894","On the Tenebrionidae collected in Australia and Tasmania by Mr. James J. Walker, R.N., F.L.S., during the voyage of H.M.S. ?Penguin,? with descriptions of new genera and species","351-408 pl. 8","","Transactions of the Entomological Society of London","","","","<!--MARK--><a href='../../../../publication/6d192ad3-a1b9-41eb-8917-f7f97f7cb9c2' class='mouseoverHref'>Champion, G.C. 1894. On the Tenebrionidae collected in Australia and Tasmania by Mr. James J. Walker, R.N., F.L.S., during the voyage of H.M.S. ?Penguin,? with descriptions of new genera and species.</a> <!--MARK--><!--MARK--><a href='../../../../publication/5cf355b3-abc5-451e-9abc-ed3282d7811a' class='mouseoverHref'><em>Transactions of the Entomological Society of London</em></a> <strong>1894</strong>(2): 351-408 pl. 8<!--MARK--> [Jun. 1894]","Jun. 1894","Article in Journal","6d192ad3-a1b9-41eb-8917-f7f97f7cb9c2","","5cf355b3-abc5-451e-9abc-ed3282d7811a"
"Champion, G.C.","1896","Supplementary note to my previous papers on the heteromerous Coleoptera of Australia and Tasmania","447-449","","Transactions of the Entomological Society of London","","","","<!--MARK--><a href='../../../../publication/9deb4394-7d53-4cca-935d-761fcf4074d3' class='mouseoverHref'>Champion, G.C. 1896. Supplementary note to my previous papers on the heteromerous Coleoptera of Australia and Tasmania.</a> <!--MARK--><!--MARK--><a href='../../../../publication/5cf355b3-abc5-451e-9abc-ed3282d7811a' class='mouseoverHref'><em>Transactions of the Entomological Society of London</em></a> <strong>1896</strong>: 447-449<!--MARK-->","","Article in Journal","9deb4394-7d53-4cca-935d-761fcf4074d3","20081009T05:11:37.000+0000","5cf355b3-abc5-451e-9abc-ed3282d7811a"
"Chevrolat, L.A.A.","1878","Diagnoses d'espèces nouvelles de diapérides","cxlvii-clii","","Annales de la Société Entomologique de Belgique (Comptes-rendus)","","","","<!--MARK--><a href='../../../../publication/8e43ff3b-649e-44d2-8628-ac8656cbaee2' class='mouseoverHref'>Chevrolat, L.A.A. 1878. Diagnoses d'espèces nouvelles de diapérides.</a> <!--MARK--><!--MARK--><a href='../../../../publication/acc7fcdb-707a-4cbe-8f70-d7595ac25c58' class='mouseoverHref'><em>Annales de la Société Entomologique de Belgique (Comptes-rendus)</em></a> <strong>21</strong>(Comptes rendus): cxlvii-clii<!--MARK-->","","Article in Journal","8e43ff3b-649e-44d2-8628-ac8656cbaee2","20081009T05:11:37.000+0000","acc7fcdb-707a-4cbe-8f70-d7595ac25c58"
"Dejean, P.F.M.A.","1834","Catalogue des coléoptères de la collection de M. le comte Dejean","177-256","","","","","Méquignon-Marvis","<!--MARK--><a href='../../../../publication/688225d4-c6f5-4e44-b31d-e820575ede76' class='mouseoverHref'>Dejean, P.F.M.A. 1834. <em>Catalogue des coléoptères de la collection de M. le comte Dejean</em>. Paris : Méquignon-Marvis Vol. 3 2, pp. 177-256.</a><!--MARK-->","","Book","688225d4-c6f5-4e44-b31d-e820575ede76","20110901T04:20:44.772+0000",""
"Erichson, W.F.","1842","Beitrag zur Insecten-fauna von Vandiemensland, mit besonderer Berucksichtigung der geographischen Verbreitung der Insecten","83-287, pls 4, 5","","Archiv für Naturgeschichte","","","","<!--MARK--><a href='../../../../publication/2ae5a27f-fd1b-4bb9-b72e-a5997ccf96b3' class='mouseoverHref'>Erichson, W.F. 1842. Beitrag zur Insecten-fauna von Vandiemensland, mit besonderer Berucksichtigung der geographischen Verbreitung der Insecten.</a> <!--MARK--><!--MARK--><a href='../../../../publication/f5b5f7c7-fc53-4502-951d-1c96b680d874' class='mouseoverHref'><em>Archiv für Naturgeschichte</em></a> <strong>8</strong>(1): 83-287, pls 4, 5<!--MARK-->","","Article in Journal","2ae5a27f-fd1b-4bb9-b72e-a5997ccf96b3","20120514T22:59:43.847+0000","f5b5f7c7-fc53-4502-951d-1c96b680d874"
"Fairmaire, L.","1849","Essai sur les Coléoptères de la Polynesie","227-291, 352-365, 410-422, 445-460, 504-516, 550-559","","Revue et Magasin de Zoologie (Paris)","","","","<!--MARK--><a href='../../../../publication/15ba9f73-0bff-4a61-9808-665302969ae2' class='mouseoverHref'>Fairmaire, L. 1849. Essai sur les Coléoptères de la Polynesie.</a> <!--MARK--><!--MARK--><a href='../../../../publication/db688e1b-7165-434e-a1c0-eec6a75c5f67' class='mouseoverHref'><em>Revue et Magasin de Zoologie (Paris)</em></a> 2 <strong>1</strong>: 227-291, 352-365, 410-422, 445-460, 504-516, 550-559<!--MARK-->","","Article in Journal","15ba9f73-0bff-4a61-9808-665302969ae2","20110121T01:01:21.839+0000","db688e1b-7165-434e-a1c0-eec6a75c5f67"
"Fairmaire, L.","1879","Diagnoses de coléoptères Australiens et Polynésiens","46-100","","Le Naturaliste","","","","<!--MARK--><a href='../../../../publication/878753f3-2e1e-46ea-b6ae-58459dbe2e48' class='mouseoverHref'>Fairmaire, L. 1879. Diagnoses de coléoptères Australiens et Polynésiens.</a> <!--MARK--><!--MARK--><a href='../../../../publication/935bd092-231d-423d-a0dd-e2a01756fcfa' class='mouseoverHref'><em>Le Naturaliste</em></a> <strong>1</strong>: 46-100<!--MARK-->","","Article in Journal","878753f3-2e1e-46ea-b6ae-58459dbe2e48","20131106T23:16:29.444+0000","935bd092-231d-423d-a0dd-e2a01756fcfa"
"Fairmaire, L.","1881","Diagnoses de coléoptères de la Micronésie et de la Polynésie","348-359","","Le Naturaliste","","","","<!--MARK--><a href='../../../../publication/4579157f-33fa-4fe3-924c-a5191e42ce17' class='mouseoverHref'>Fairmaire, L. 1881. Diagnoses de coléoptères de la Micronésie et de la Polynésie.</a> <!--MARK--><!--MARK--><a href='../../../../publication/935bd092-231d-423d-a0dd-e2a01756fcfa' class='mouseoverHref'><em>Le Naturaliste</em></a> <strong>3</strong>: 348-359<!--MARK-->","","Article in Journal","4579157f-33fa-4fe3-924c-a5191e42ce17","20081009T05:11:37.000+0000","935bd092-231d-423d-a0dd-e2a01756fcfa"
"Fairmaire, L.","1882","Coléoptères héteromères de Sumatra","219-265","","Notes from the Leyden Museum","","","","<!--MARK--><a href='../../../../publication/ffa7e2ac-fb42-41b4-a3ab-e70a22f7da45' class='mouseoverHref'>Fairmaire, L. 1882. Coléoptères héteromères de Sumatra.</a> <!--MARK--><!--MARK--><a href='../../../../publication/01b3815f-6454-4d5d-aa9d-e7b82f1ddee9' class='mouseoverHref'><em>Notes from the Leyden Museum</em></a> <strong>4</strong>: 219-265<!--MARK-->","","Article in Journal","ffa7e2ac-fb42-41b4-a3ab-e70a22f7da45","20081009T05:11:37.000+0000","01b3815f-6454-4d5d-aa9d-e7b82f1ddee9"
"Fairmaire, L.","1883","Description de coléoptères hétéromères de l'Île de Saleyer","31-40","","Notes from the Leyden Museum","","","","<!--MARK--><a href='../../../../publication/24f84285-422b-40fd-bd93-aa0bc8c112db' class='mouseoverHref'>Fairmaire, L. 1883. Description de coléoptères hétéromères de l'Île de Saleyer.</a> <!--MARK--><!--MARK--><a href='../../../../publication/01b3815f-6454-4d5d-aa9d-e7b82f1ddee9' class='mouseoverHref'><em>Notes from the Leyden Museum</em></a> <strong>5</strong>: 31-40<!--MARK-->","","Article in Journal","24f84285-422b-40fd-bd93-aa0bc8c112db","20081009T05:11:37.000+0000","01b3815f-6454-4d5d-aa9d-e7b82f1ddee9"
"Fairmaire, L.","1883","Essai sur les Coléoptères de l'archipel de la Nouvelle-Bretagne","1-58","","Annales de la Société Entomologique de Belgique (Comptes-rendus)","","","","<!--MARK--><a href='../../../../publication/bfe2b8ba-a4bc-4d74-92ff-e51b42da2b25' class='mouseoverHref'>Fairmaire, L. 1883. Essai sur les Coléoptères de l'archipel de la Nouvelle-Bretagne.</a> <!--MARK--><!--MARK--><a href='../../../../publication/acc7fcdb-707a-4cbe-8f70-d7595ac25c58' class='mouseoverHref'><em>Annales de la Société Entomologique de Belgique (Comptes-rendus)</em></a> <strong>27</strong>(2): 1-58<!--MARK-->","","Article in Journal","bfe2b8ba-a4bc-4d74-92ff-e51b42da2b25","20081009T05:11:37.000+0000","acc7fcdb-707a-4cbe-8f70-d7595ac25c58"
"Fairmaire, L.","1893","Coléoptères nouveaux des Indes Orientales, de la famille des Scarabaeidae, Rhipiceridae, Tenebrionidae et Oedmeridae","17-64","","Notes from the Leyden Museum","","","","<!--MARK--><a href='../../../../publication/823fdf16-ffba-4ded-9fab-c0bb101e5b44' class='mouseoverHref'>Fairmaire, L. 1893. Coléoptères nouveaux des Indes Orientales, de la famille des Scarabaeidae, Rhipiceridae, Tenebrionidae et Oedmeridae.</a> <!--MARK--><!--MARK--><a href='../../../../publication/01b3815f-6454-4d5d-aa9d-e7b82f1ddee9' class='mouseoverHref'><em>Notes from the Leyden Museum</em></a> <strong>15</strong>: 17-64<!--MARK-->","","Article in Journal","823fdf16-ffba-4ded-9fab-c0bb101e5b44","20081009T05:11:37.000+0000","01b3815f-6454-4d5d-aa9d-e7b82f1ddee9"
"Fairmaire, L.","1897","Description de coléoptères nouveaux de la Malaisie, de l'Indochine et de la Chine","209-233","","Notes from the Leyden Museum","","","","<!--MARK--><a href='../../../../publication/c30b2621-696a-4127-8829-9d25640ff97f' class='mouseoverHref'>Fairmaire, L. 1897. Description de coléoptères nouveaux de la Malaisie, de l'Indochine et de la Chine.</a> <!--MARK--><!--MARK--><a href='../../../../publication/01b3815f-6454-4d5d-aa9d-e7b82f1ddee9' class='mouseoverHref'><em>Notes from the Leyden Museum</em></a> <strong>19</strong>: 209-233<!--MARK-->","","Article in Journal","c30b2621-696a-4127-8829-9d25640ff97f","20081009T05:11:37.000+0000","01b3815f-6454-4d5d-aa9d-e7b82f1ddee9"
"Fauvel, A.","1904","Faune analytique des Coléoptères de la Nouvelle-Calédonie. 2e partie.","113-208","","Revue d'Entomologie","","","","<!--MARK--><a href='../../../../publication/3cd3303c-80a9-4a42-bf83-cb9156e2db0b' class='mouseoverHref'>Fauvel, A. 1904. Faune analytique des Coléoptères de la Nouvelle-Calédonie. 2e partie.</a> <!--MARK--><!--MARK--><a href='../../../../publication/b9a99de4-db9d-4921-a88d-432a9bbfc09c' class='mouseoverHref'><em>Revue d'Entomologie</em></a> <strong>23</strong>: 113-208<!--MARK-->","","Article in Journal","3cd3303c-80a9-4a42-bf83-cb9156e2db0b","","b9a99de4-db9d-4921-a88d-432a9bbfc09c"
"Gebien, H.","1906","Ueber die von Fabricius beschriebenen Typen von Tenebrioniden in den Museen von Kopenhagen und Kiel","209-237","","Deutsche Entomologische Zeitschrift","","","","<!--MARK--><a href='../../../../publication/bafa3a47-d83a-4c18-8054-3e31de5ade3c' class='mouseoverHref'>Gebien, H. 1906. Ueber die von Fabricius beschriebenen Typen von Tenebrioniden in den Museen von Kopenhagen und Kiel.</a> <!--MARK--><!--MARK--><a href='../../../../publication/bdeb8163-7175-47c9-be9b-28f797c57745' class='mouseoverHref'><em>Deutsche Entomologische Zeitschrift</em></a> <strong>1906</strong>: 209-237<!--MARK-->","","Article in Journal","bafa3a47-d83a-4c18-8054-3e31de5ade3c","20081009T05:11:37.000+0000","bdeb8163-7175-47c9-be9b-28f797c57745"
"Gebien, H.","1908","Tenebrionidae","325-348","","Die Fauna Südwest-Australiens","","","","<!--MARK--><a href='../../../../publication/dfa09062-3609-4505-a04b-762d9d7aee01' class='mouseoverHref'>Gebien, H. 1908. Tenebrionidae.</a> <!--MARK--><!--MARK--><a href='../../../../publication/a4ac08ef-07cb-4cc5-93ca-3eea466f90f9' class='mouseoverHref'><em>Die Fauna Südwest-Australiens</em></a> <strong>1</strong>: 325-348<!--MARK-->","","Article in Journal","dfa09062-3609-4505-a04b-762d9d7aee01","20081009T05:11:37.000+0000","a4ac08ef-07cb-4cc5-93ca-3eea466f90f9"
"Gebien, H.","1914","Die Tenebrioniden der Philippinen","373-433","","Philippine Journal of Science","","","","<!--MARK--><a href='../../../../publication/e740b323-f04a-403c-aa87-a4815b70579c' class='mouseoverHref'>Gebien, H. 1914. Die Tenebrioniden der Philippinen.</a> <!--MARK--><!--MARK--><a href='../../../../publication/0347b709-e2f0-4679-8749-33668856b97f' class='mouseoverHref'><em>Philippine Journal of Science</em></a> Section D <strong>8 [1913]</strong>: 373-433<!--MARK-->","","Article in Journal","e740b323-f04a-403c-aa87-a4815b70579c","20131004T00:00:21.065+0000","0347b709-e2f0-4679-8749-33668856b97f"
"Gebien, H.","1918","Beitrag zur Kenntnis der Gattung <i>Setenis</i> (Col., Heterom.)","121-130, 215-220","","Entomologische Mitteilungen. Berlin-Dahlem","","","","<!--MARK--><a href='../../../../publication/6465ed50-44fa-4c3e-bdad-74d6aba19c71' class='mouseoverHref'>Gebien, H. 1918. Beitrag zur Kenntnis der Gattung <i>Setenis</i> (Col., Heterom.).</a> <!--MARK--><!--MARK--><a href='../../../../publication/ac06ba2d-be9d-4dfe-91bb-bb21ae357dec' class='mouseoverHref'><em>Entomologische Mitteilungen. Berlin-Dahlem</em></a> <strong>7</strong>: 121-130, 215-220<!--MARK-->","","Article in Journal","6465ed50-44fa-4c3e-bdad-74d6aba19c71","20081009T05:11:37.000+0000","ac06ba2d-be9d-4dfe-91bb-bb21ae357dec"
"Gebien, H.","1919","Beitrag zur Kenntnis der Gattung <i>Setenis</i> (Col., Heterom.)","1-14","","Entomologische Mitteilungen. Berlin-Dahlem","","","","<!--MARK--><a href='../../../../publication/4671e50a-de1d-4021-b1f2-8b9020c7db8a' class='mouseoverHref'>Gebien, H. 1919. Beitrag zur Kenntnis der Gattung <i>Setenis</i> (Col., Heterom.).</a> <!--MARK--><!--MARK--><a href='../../../../publication/ac06ba2d-be9d-4dfe-91bb-bb21ae357dec' class='mouseoverHref'><em>Entomologische Mitteilungen. Berlin-Dahlem</em></a> <strong>8</strong>: 1-14<!--MARK-->","","Article in Journal","4671e50a-de1d-4021-b1f2-8b9020c7db8a","20081009T05:11:37.000+0000","ac06ba2d-be9d-4dfe-91bb-bb21ae357dec"
"Gebien, H.","1920","Coleoptera, Tenebrionidae","213-500","","Nova Guinea","","","","<!--MARK--><a href='../../../../publication/a5fb86ce-9b2c-4111-bbd8-436a0adec4b7' class='mouseoverHref'>Gebien, H. 1920. Coleoptera, Tenebrionidae.</a> <!--MARK--><!--MARK--><a href='../../../../publication/ba607a03-871d-49d3-ae2a-928185b34ebf' class='mouseoverHref'><em>Nova Guinea</em></a> <strong>13</strong>: 213-500<!--MARK-->","","Article in Journal","a5fb86ce-9b2c-4111-bbd8-436a0adec4b7","20081009T05:11:37.000+0000","ba607a03-871d-49d3-ae2a-928185b34ebf"
"Gebien, H.","1927","Fauna sumatrensis. Tenebrionidae (Col.)","22-58","","Supplementa Entomologica","","","","<!--MARK--><a href='../../../../publication/216c5ba8-8ff1-465c-b592-67778db3a7cb' class='mouseoverHref'>Gebien, H. 1927. Fauna sumatrensis. Tenebrionidae (Col.).</a> <!--MARK--><!--MARK--><a href='../../../../publication/4d64327d-db41-4f8a-9bbd-6aecda97325e' class='mouseoverHref'><em>Supplementa Entomologica</em></a> <strong>15</strong>: 22-58<!--MARK-->","","Article in Journal","216c5ba8-8ff1-465c-b592-67778db3a7cb","20081009T05:11:37.000+0000","4d64327d-db41-4f8a-9bbd-6aecda97325e"
"Gebien, H.","1942","[1938-1942] Katalog der Tenebrioniden. Teil II","","","","","","","<!--MARK--><a href='../../../../publication/4fa572c7-5fc3-4267-a71b-6760008bb105' class='mouseoverHref'>Gebien, H. 1942. [1938-1942] Katalog der Tenebrioniden. Teil II. <I>Mitteilungen der Münchener Entomologischen Gesellschaft</I> <B>28</B>(1938), 370-465; <B>29</B>(1939), 466-529; <B>30</B>(1940), 530-625; <B>31</B>(1941), 626-705; <B>32</B>(1942), 706-744.</a>","","Miscellaneous","4fa572c7-5fc3-4267-a71b-6760008bb105","20081009T05:11:37.000+0000",""
"Gebien, H.","1944","[1942-1944] Katalog der Tenebrioniden. Teil III","","","","","","","<!--MARK--><a href='../../../../publication/a34f0874-a241-4037-85f6-949418c651a7' class='mouseoverHref'>Gebien, H. 1944. [1942-1944] Katalog der Tenebrioniden. Teil III. <I>Mitteilungen der Münchener Entomologischen Gesellschaft</I>  <B>32</B>(1942), 746-777; <B>33</B>(1943), 778-841; <B>34</B>(1944), 842-899.</a>","","Miscellaneous","a34f0874-a241-4037-85f6-949418c651a7","20081009T05:11:37.000+0000",""
"Gemminger, M. & Harold, E. von","1870","Catalogus Coleopterorum hucusque Descriptorum Synonymicus et Systematicus. Tom VII. Tenebrionidae, Nilionidae, Pythidae, Melandryidae, Lagriidae, Pedilidae, Anthicidae, Pyrochroidae, Mordellidae, Rhipidophoridae, Cantharidae, Oedemeridae","1801-2179 + [11]","","","","","E.H. Gummi","<!--MARK--><a href='../../../../publication/d2787169-c121-46bc-afa9-25fb6b853842' class='mouseoverHref'>Gemminger, M. & Harold, E. von 1870. <em>Catalogus Coleopterorum hucusque Descriptorum Synonymicus et Systematicus. Tom VII. Tenebrionidae, Nilionidae, Pythidae, Melandryidae, Lagriidae, Pedilidae, Anthicidae, Pyrochroidae, Mordellidae, Rhipidophoridae, Cantharidae, Oedemeridae</em>. Monachi [Munich] : E.H. Gummi pp. 1801-2179 + [11].</a><!--MARK-->","","Book","d2787169-c121-46bc-afa9-25fb6b853842","20181128T04:09:50.684+0000",""
"Germain, E.F.","1848","Beiträge zur Insektenfauna von Adelaide.","153-247","","Linnaea Entomologica","","","","<!--MARK--><a href='../../../../publication/a30fc011-fd68-429c-846c-c82e2462c71b' class='mouseoverHref'>Germain, E.F. 1848. Beiträge zur Insektenfauna von Adelaide.</a> <!--MARK--><!--MARK--><a href='../../../../publication/1bd3bf76-d7c0-4a57-98cf-a1c6278fdaac' class='mouseoverHref'><em>Linnaea Entomologica</em></a> <strong>3</strong>: 153-247<!--MARK-->","","Article in Journal","a30fc011-fd68-429c-846c-c82e2462c71b","20190123T02:22:23.790+0000","1bd3bf76-d7c0-4a57-98cf-a1c6278fdaac"
"Gistel, J.","1856","Die Mysterien der europäischen Insectenwelt","530 pp.","","","","","T. Dannheimer","<!--MARK--><a href='../../../../publication/c8478ce1-8dbc-47df-8ec0-5622c6125fda' class='mouseoverHref'>Gistel, J. 1856. <em>Die Mysterien der europäischen Insectenwelt</em>. Kempten : T. Dannheimer 530 pp.</a><!--MARK-->","","Book","c8478ce1-8dbc-47df-8ec0-5622c6125fda","20100204T22:52:03.003+0000",""
"Haag-Rutenberg, G.","1878","Diagnosen neuer Heteromeren aus dem Museum Godeffroy","97-105","","Verhandlungen des Vereins für Naturwissenschaftliche Unterhaltung zu Hamburg","","","","<!--MARK--><a href='../../../../publication/7818684f-6c8e-4cef-901e-d491a23d058a' class='mouseoverHref'>Haag-Rutenberg, G. 1878. Diagnosen neuer Heteromeren aus dem Museum Godeffroy.</a> <!--MARK--><!--MARK--><a href='../../../../publication/d2c853d6-71f1-4d4b-b84e-8ef82960c277' class='mouseoverHref'><em>Verhandlungen des Vereins für Naturwissenschaftliche Unterhaltung zu Hamburg</em></a> <strong>3</strong>: 97-105<!--MARK-->","","Article in Journal","7818684f-6c8e-4cef-901e-d491a23d058a","20081009T05:11:37.000+0000","d2c853d6-71f1-4d4b-b84e-8ef82960c277"
"Hinton, H.E.","1947","On some new and little-known Indo-Australian Diaperini (Coleoptera, Tenebrionidae)","81-98","","Annals and Magazine of Natural History","","","","<!--MARK--><a href='../../../../publication/c91881f2-3f7e-4b55-bb37-3f7fe2cd7c96' class='mouseoverHref'>Hinton, H.E. 1947. On some new and little-known Indo-Australian Diaperini (Coleoptera, Tenebrionidae).</a> <!--MARK--><!--MARK--><a href='../../../../publication/efa8de69-3a29-4a43-8ef2-cbefda205976' class='mouseoverHref'><em>Annals and Magazine of Natural History</em></a> 11 <strong>14</strong>: 81-98<!--MARK-->","","Article in Journal","c91881f2-3f7e-4b55-bb37-3f7fe2cd7c96","20081009T05:11:37.000+0000","efa8de69-3a29-4a43-8ef2-cbefda205976"
"Hope, F.W.","1843","Continuation of a memoir containing descriptions of new species of Coleoptera from Port Essington, in New Holland","357-361","","Annals and Magazine of Natural History","","","","<!--MARK--><a href='../../../../publication/d4f17232-3645-4514-b7f8-552cd697914c' class='mouseoverHref'>Hope, F.W. 1843. Continuation of a memoir containing descriptions of new species of Coleoptera from Port Essington, in New Holland.</a> <!--MARK--><!--MARK--><a href='../../../../publication/efa8de69-3a29-4a43-8ef2-cbefda205976' class='mouseoverHref'><em>Annals and Magazine of Natural History</em></a> <strong>12</strong>: 357-361<!--MARK--> [this work is often cited as appearing in 1842 in the <I>Proceedings of the Entomological Society of London</I>, pages 76-80, but these Proceedings, which reprinted the above paper, were actually not published until 1845 (I. Lansbury, pers. comm. 1987)]","this work is often cited as appearing in 1842 in the <I>Proceedings of the Entomological Society of London</I>, pages 76-80, but these Proceedings, which reprinted the above paper, were actually not published until 1845 (I. Lansbury, pers. comm. 1987)","Article in Journal","d4f17232-3645-4514-b7f8-552cd697914c","20081009T05:11:37.000+0000","efa8de69-3a29-4a43-8ef2-cbefda205976"
"Kaszab, Z,","1987","Die papuanisch-australischen Arten der Gattung <i>Daerosphaerus</i> Thomson, 1858 (Coleoptera: Tenebrionidae)","41-85","","Acta Zoologica Hungarica","","","","<!--MARK--><a href='../../../../publication/25a65985-8050-49ca-abb3-d23ed8052feb' class='mouseoverHref'>Kaszab, Z, 1987. Die papuanisch-australischen Arten der Gattung <i>Daerosphaerus</i> Thomson, 1858 (Coleoptera: Tenebrionidae).</a> <!--MARK--><!--MARK--><a href='../../../../publication/a9328cd7-1131-4e41-8965-d8a5d06616d5' class='mouseoverHref'><em>Acta Zoologica Hungarica</em></a> <strong>33</strong>: 41-85<!--MARK-->","","Article in Journal","25a65985-8050-49ca-abb3-d23ed8052feb","20081009T05:11:37.000+0000","a9328cd7-1131-4e41-8965-d8a5d06616d5"
"Kaszab, Z.","1955","Die Tenebrioniden der Samoa-Inseln (Coleoptera)","639-671","","Proceedings of the Hawaiian Entomological Society","","","","<!--MARK--><a href='../../../../publication/1bae9bba-3bcf-49a6-86b6-bc1cf215f4f9' class='mouseoverHref'>Kaszab, Z. 1955. Die Tenebrioniden der Samoa-Inseln (Coleoptera).</a> <!--MARK--><!--MARK--><a href='../../../../publication/dc684db4-5e18-40e3-9eb9-1d6fdec7d866' class='mouseoverHref'><em>Proceedings of the Hawaiian Entomological Society</em></a> <strong>15</strong>(3): 639-671<!--MARK--> [Jun. 1955]","Jun. 1955","Article in Journal","1bae9bba-3bcf-49a6-86b6-bc1cf215f4f9","","dc684db4-5e18-40e3-9eb9-1d6fdec7d866"
"Kaszab, Z.","1973","Revision der Arten der Tenebrioniden-Gattung <i>Scotoderus</i> Perroud & Montrouzier (Coleoptera)","257-285","","Folia Entomologica Hungarica","","","","<!--MARK--><a href='../../../../publication/ad940431-7a9f-4390-963e-355f47dfb9b8' class='mouseoverHref'>Kaszab, Z. 1973. Revision der Arten der Tenebrioniden-Gattung <i>Scotoderus</i> Perroud & Montrouzier (Coleoptera).</a> <!--MARK--><!--MARK--><a href='../../../../publication/585e47d1-1182-450c-915d-26bcc8f8c26b' class='mouseoverHref'><em>Folia Entomologica Hungarica</em></a> <strong>26</strong>(2): 257-285<!--MARK-->","","Article in Journal","ad940431-7a9f-4390-963e-355f47dfb9b8","","585e47d1-1182-450c-915d-26bcc8f8c26b"
"Kaszab, Z.","1977","Die Tenebrioniden des papuanischen Gebietes. I. Strongyliini (Coleoptera: Tenebrionidae)","1-219","","Pacific Insects Monographs","","","","<!--MARK--><a href='../../../../publication/035e806e-0a39-4d35-ab01-1f5ca2eaa6a7' class='mouseoverHref'>Kaszab, Z. 1977. Die Tenebrioniden des papuanischen Gebietes. I. Strongyliini (Coleoptera: Tenebrionidae).</a> <!--MARK--><!--MARK--><a href='../../../../publication/33de6356-e704-4b81-9355-402b75b14c14' class='mouseoverHref'><em>Pacific Insects Monographs</em></a> <strong>33</strong>: 1-219<!--MARK-->","","Article in Journal","035e806e-0a39-4d35-ab01-1f5ca2eaa6a7","20081009T05:11:37.000+0000","33de6356-e704-4b81-9355-402b75b14c14"
"Kaszab, Z.","1982","Neue orientalischen Tenebrioniden","57-80","","Acta Zoologica Academiae Scientiarum Hungaricae","","","","<!--MARK--><a href='../../../../publication/0b826c8f-2e33-4c6f-90d1-46e053c96370' class='mouseoverHref'>Kaszab, Z. 1982. Neue orientalischen Tenebrioniden.</a> <!--MARK--><!--MARK--><a href='../../../../publication/50d7b97e-899c-4373-8ab9-28aa9e24e2c8' class='mouseoverHref'><em>Acta Zoologica Academiae Scientiarum Hungaricae</em></a> <strong>28</strong>: 57-80<!--MARK-->","","Article in Journal","0b826c8f-2e33-4c6f-90d1-46e053c96370","20081009T05:11:37.000+0000","50d7b97e-899c-4373-8ab9-28aa9e24e2c8"
"Kaszab, Z.","1983","Synonymie indoaustralischer und neotropischer Tenebrioniden (Coleoptera)","129-138","","Acta Zoologica Academiae Scientiarum Hungaricae","","","","<!--MARK--><a href='../../../../publication/6dc93d7d-18d9-4dbe-9bd9-1d47a58d53b3' class='mouseoverHref'>Kaszab, Z. 1983. Synonymie indoaustralischer und neotropischer Tenebrioniden (Coleoptera).</a> <!--MARK--><!--MARK--><a href='../../../../publication/50d7b97e-899c-4373-8ab9-28aa9e24e2c8' class='mouseoverHref'><em>Acta Zoologica Academiae Scientiarum Hungaricae</em></a> <strong>29</strong>: 129-138<!--MARK-->","","Article in Journal","6dc93d7d-18d9-4dbe-9bd9-1d47a58d53b3","20081009T05:11:37.000+0000","50d7b97e-899c-4373-8ab9-28aa9e24e2c8"
"Kaszab, Z.","1988","Katalog und Bestimmungstabelle der Gattung <i>Promethis</i> Pascoe, 1869 (Coleoptera, Tenebrionidae)","67-170","","Acta Zoologica Hungarica","","","","<!--MARK--><a href='../../../../publication/76e0d2d2-5158-4ffe-b427-7fb875155052' class='mouseoverHref'>Kaszab, Z. 1988. Katalog und Bestimmungstabelle der Gattung <i>Promethis</i> Pascoe, 1869 (Coleoptera, Tenebrionidae).</a> <!--MARK--><!--MARK--><a href='../../../../publication/a9328cd7-1131-4e41-8965-d8a5d06616d5' class='mouseoverHref'><em>Acta Zoologica Hungarica</em></a> <strong>34</strong>(2-3): 67-170<!--MARK-->","","Article in Journal","76e0d2d2-5158-4ffe-b427-7fb875155052","","a9328cd7-1131-4e41-8965-d8a5d06616d5"
"Kirby, W.","1819","A century of insects, including several new genera described from his cabinet","375-453","","Transactions of the Linnean Society of London","","","","<!--MARK--><a href='../../../../publication/acf8c241-bf94-4bf0-a81f-1d6e834c605d' class='mouseoverHref'>Kirby, W. 1819. A century of insects, including several new genera described from his cabinet.</a> <!--MARK--><!--MARK--><a href='../../../../publication/a6b0ca4d-471d-4666-96a2-8fee5114bc35' class='mouseoverHref'><em>Transactions of the Linnean Society of London</em></a> <strong>12</strong>: 375-453<!--MARK--> [dated 1818]","dated 1818","Article in Journal","acf8c241-bf94-4bf0-a81f-1d6e834c605d","20081009T05:11:37.000+0000","a6b0ca4d-471d-4666-96a2-8fee5114bc35"
"Kirby, W.","1837","The Insects. Order Coleoptera","","","","","","","<!--MARK--><a href='../../../../publication/a4f9a994-9ef9-429a-935e-f3000fa65674' class='mouseoverHref'>Kirby, W. 1837. The Insects. Order Coleoptera. pp. 1-249 <I>in</I> Richardson, J. <I>Fauna Boreali-Americana</I> ? Norwich : Josiah Fletcher.</a>","","Miscellaneous","a4f9a994-9ef9-429a-935e-f3000fa65674","20081009T05:11:37.000+0000",""
"Koch, C.","1950","Proposed change of African generic names in the family Tenebrionidae (Col.).","66-68","","The Entomologist","","","","<!--MARK--><a href='../../../../publication/e962f18b-cbe9-4c39-8b2e-9009af4aec8c' class='mouseoverHref'>Koch, C. 1950. Proposed change of African generic names in the family Tenebrionidae (Col.).</a> <!--MARK--><!--MARK--><a href='../../../../publication/f3b5bc68-9fcf-42d6-b01d-f490d96af7e9' class='mouseoverHref'><em>The Entomologist</em></a> <strong>83</strong>: 66-68<!--MARK-->","","Article in Journal","e962f18b-cbe9-4c39-8b2e-9009af4aec8c","20081009T05:11:37.000+0000","f3b5bc68-9fcf-42d6-b01d-f490d96af7e9"
"Kraatz, G.","1880","Beitrag zur Kenntniss der asiatischen Cnodaloninen","99-120","","Deutsche Entomologische Zeitschrift","","","","<!--MARK--><a href='../../../../publication/6c3a4728-8096-448f-8087-2519e900aba1' class='mouseoverHref'>Kraatz, G. 1880. Beitrag zur Kenntniss der asiatischen Cnodaloninen.</a> <!--MARK--><!--MARK--><a href='../../../../publication/bdeb8163-7175-47c9-be9b-28f797c57745' class='mouseoverHref'><em>Deutsche Entomologische Zeitschrift</em></a> <strong>24</strong>: 99-120<!--MARK-->","","Article in Journal","6c3a4728-8096-448f-8087-2519e900aba1","20081009T05:11:37.000+0000","bdeb8163-7175-47c9-be9b-28f797c57745"
"Kulzer, H.","1951","Vierter und fünfter Beiträge zur Kenntnis der Tenebrionidae","116-171, 461-573","","Entomologischen Arbeiten aus dem Museum Georg Frey","","","","<!--MARK--><a href='../../../../publication/bff0d6ad-9a36-418d-9ab0-a4d07ffbb04b' class='mouseoverHref'>Kulzer, H. 1951. Vierter und fünfter Beiträge zur Kenntnis der Tenebrionidae.</a> <!--MARK--><!--MARK--><a href='../../../../publication/d9967b1d-fa66-4d5e-9c04-910b53ebb9b3' class='mouseoverHref'><em>Entomologischen Arbeiten aus dem Museum Georg Frey</em></a> <strong>2</strong>: 116-171, 461-573<!--MARK-->","","Article in Journal","bff0d6ad-9a36-418d-9ab0-a4d07ffbb04b","20081009T05:11:37.000+0000","d9967b1d-fa66-4d5e-9c04-910b53ebb9b3"
"Kulzer, H.","1954","Achter Beitrag zur Kenntnis der Tenebrioniden","20-73","","Entomologischen Arbeiten aus dem Museum Georg Frey","","","","<!--MARK--><a href='../../../../publication/904a4bbe-57e6-4e2f-971b-97a774468d1c' class='mouseoverHref'>Kulzer, H. 1954. Achter Beitrag zur Kenntnis der Tenebrioniden.</a> <!--MARK--><!--MARK--><a href='../../../../publication/d9967b1d-fa66-4d5e-9c04-910b53ebb9b3' class='mouseoverHref'><em>Entomologischen Arbeiten aus dem Museum Georg Frey</em></a> <strong>5</strong>: 20-73<!--MARK-->","","Article in Journal","904a4bbe-57e6-4e2f-971b-97a774468d1c","20081009T05:11:37.000+0000","d9967b1d-fa66-4d5e-9c04-910b53ebb9b3"
"Kulzer, H.","1966","Australische und papuanische Strongyliini. 29. Beitrag zur Kenntnis der Tenebrioniden","338-396","","Entomologischen Arbeiten aus dem Museum Georg Frey","","","","<!--MARK--><a href='../../../../publication/c2a10ba7-cc45-4d50-9ea0-e05f0defd0a5' class='mouseoverHref'>Kulzer, H. 1966. Australische und papuanische Strongyliini. 29. Beitrag zur Kenntnis der Tenebrioniden.</a> <!--MARK--><!--MARK--><a href='../../../../publication/d9967b1d-fa66-4d5e-9c04-910b53ebb9b3' class='mouseoverHref'><em>Entomologischen Arbeiten aus dem Museum Georg Frey</em></a> <strong>17</strong>: 338-396<!--MARK-->","","Article in Journal","c2a10ba7-cc45-4d50-9ea0-e05f0defd0a5","20081009T05:11:37.000+0000","d9967b1d-fa66-4d5e-9c04-910b53ebb9b3"
"Lacordaire, T.","1859","Histoire naturelle des insectes. Généra des coléoptères ou exposé méthodique et critique de tous les genres proposés jusqu'ici dans cet ordre d'insectes. Première partie contenant les familles des Ténébrionides, Cistélides, Nilionides, Pythides, Mélandryides, Lagriides, Pédilides, Anthicides, Pyrochroïdes, Mordellides, Rhipiphorides, Stylopides, Meloïdes et Oedémérides","750","","","","","","<!--MARK--><a href='../../../../publication/3d4d758d-cbb1-4d7b-a343-375d71bdc370' class='mouseoverHref'>Lacordaire, T. 1859. Histoire naturelle des insectes. Généra des coléoptères ou exposé méthodique et critique de tous les genres proposés jusqu'ici dans cet ordre d'insectes. Première partie contenant les familles des Ténébrionides, Cistélides, Nilionides, Pythides, Mélandryides, Lagriides, Pédilides, Anthicides, Pyrochroïdes, Mordellides, Rhipiphorides, Stylopides, Meloïdes et Oedémérides. Tome V. Paris : Librairie Encyclopédique de Roret. 750 pp.</a>","","Miscellaneous","3d4d758d-cbb1-4d7b-a343-375d71bdc370","20111019T03:57:08.995+0000",""
"Lawrence, J. F. & A. F. Newton","1995","Families and subfamilies of Coleoptera (with selected genera, notes, reference nd data on family-group names)","","","","","","","<!--MARK--><a href='../../../../publication/325685b1-80d9-4b3f-8157-bc13a9cc8a18' class='mouseoverHref'>Lawrence, J. F. & A. F. Newton 1995. Families and subfamilies of Coleoptera (with selected genera, notes, reference nd data on family-group names). Pakaluk, J. and Slipinski, S. A. (eds.), Biology, phylogeny and classification of Coleoptera: papers celebrating the 80th of Roy A. Crowson. Muzeum i Instytut Zoologii PAN, Warszawa.</a>","","Miscellaneous","325685b1-80d9-4b3f-8157-bc13a9cc8a18","20081009T05:11:37.000+0000",""
"Lea, A.M.","1908","The Coleoptera of King Island, Bass Strait","143-207","","Proceedings of the Royal Society of Victoria","","March 31, 1908","","<!--MARK--><a href='../../../../publication/aca8db12-97f7-4def-a94b-a5753851df67' class='mouseoverHref'>Lea, A.M. 1908. The Coleoptera of King Island, Bass Strait.</a> <!--MARK--><!--MARK--><a href='../../../../publication/ce333794-3a02-427f-ba27-346079f1efa0' class='mouseoverHref'><em>Proceedings of the Royal Society of Victoria</em></a> n.s. <strong>20</strong>(2): 143-207<!--MARK--> [Date published March 31, 1908]","","Article in Journal","aca8db12-97f7-4def-a94b-a5753851df67","20120515T22:43:08.476+0000","ce333794-3a02-427f-ba27-346079f1efa0"
"LeConte, J.L. (1861-1862)","1862","Classification of the Coleoptera of North America prepared for the Smithsonian Institution. Part I","1-208; <B>1862</B>, 209-286","","Smithsonian Miscellaneous Collections","","","","<!--MARK--><a href='../../../../publication/e53bc06f-72b0-42c5-941a-47060548336d' class='mouseoverHref'>LeConte, J.L. (1861-1862) 1862. Classification of the Coleoptera of North America prepared for the Smithsonian Institution. Part I.</a> <!--MARK--><!--MARK--><a href='../../../../publication/2ad18d4c-326c-454e-bf1d-5321aee079b3' class='mouseoverHref'><em>Smithsonian Miscellaneous Collections</em></a> <strong>1861</strong>: 1-208; <B>1862</B>, 209-286<!--MARK-->","","Article in Journal","e53bc06f-72b0-42c5-941a-47060548336d","20081009T05:11:37.000+0000","2ad18d4c-326c-454e-bf1d-5321aee079b3"
"Macleay, W.J.","1872","Notes on a collection of insects from Gayndah. Second paper","239-318","","Transactions of the Entomological Society of New South Wales","","","","<!--MARK--><a href='../../../../publication/6319486a-42f4-4129-aaae-8d90903d90a2' class='mouseoverHref'>Macleay, W.J. 1872. Notes on a collection of insects from Gayndah. Second paper.</a> <!--MARK--><!--MARK--><a href='../../../../publication/69b821b6-f09d-44b0-ae3f-0e6c294b532e' class='mouseoverHref'><em>Transactions of the Entomological Society of New South Wales</em></a> <strong>2</strong>(4): 239-318<!--MARK-->","","Article in Journal","6319486a-42f4-4129-aaae-8d90903d90a2","20081009T05:11:37.000+0000","69b821b6-f09d-44b0-ae3f-0e6c294b532e"
"Macleay, W.J.","1887","The insects of the Cairns district, northern Queensland. Part II","213-238","","Proceedings of the Linnean Society of New South Wales","","August 31, 1887","","<!--MARK--><a href='../../../../publication/56ca28cb-f634-4a47-abed-b9ff4c972cda' class='mouseoverHref'>Macleay, W.J. 1887. The insects of the Cairns district, northern Queensland. Part II.</a> <!--MARK--><!--MARK--><a href='../../../../publication/c12cd779-adb5-41ea-bd2c-75f6864cf22e' class='mouseoverHref'><em>Proceedings of the Linnean Society of New South Wales</em></a> 2 <strong>2</strong>(2): 213-238<!--MARK--> [Date published August 31, 1887: Second Series commenced 1886-87]","Second Series commenced 1886-87","Article in Journal","56ca28cb-f634-4a47-abed-b9ff4c972cda","20210624T08:51:11.973+0000","c12cd779-adb5-41ea-bd2c-75f6864cf22e"
"Mäklin, F.W.","1864","Monographie der Gattung <i>Strongylium</i> Kirby, Lacordaire und der damit zunächst verwandten Formen","225-526","","Acta Societatis Scientiarum Fennicae","","","","<!--MARK--><a href='../../../../publication/ca72812f-700f-49d0-ab1e-b3f634a3c5e1' class='mouseoverHref'>Mäklin, F.W. 1864. Monographie der Gattung <i>Strongylium</i> Kirby, Lacordaire und der damit zunächst verwandten Formen.</a> <!--MARK--><!--MARK--><a href='../../../../publication/7ca095b9-928f-4b88-b5ee-ae8c89caf430' class='mouseoverHref'><em>Acta Societatis Scientiarum Fennicae</em></a> <strong>8</strong>: 225-526<!--MARK-->","","Article in Journal","ca72812f-700f-49d0-ab1e-b3f634a3c5e1","20081009T05:11:37.000+0000","7ca095b9-928f-4b88-b5ee-ae8c89caf430"
"Matthews, E.G.","1998","Classification, phylogeny and biogeography of the genera of Adeliini (Coleoptera: Tenebrionidae)","685-824","","Invertebrate Taxonomy","","","","<!--MARK--><a href='../../../../publication/ef02bdb4-c2f6-4cff-be63-975cdf59ccf9' class='mouseoverHref'>Matthews, E.G. 1998. Classification, phylogeny and biogeography of the genera of Adeliini (Coleoptera: Tenebrionidae).</a> <!--MARK--><!--MARK--><a href='../../../../publication/9846f41b-d755-4682-9049-5e59d363951b' class='mouseoverHref'><em>Invertebrate Taxonomy</em></a> <strong>12</strong>: 685-824<!--MARK-->","","Article in Journal","ef02bdb4-c2f6-4cff-be63-975cdf59ccf9","20081009T05:11:37.000+0000","9846f41b-d755-4682-9049-5e59d363951b"
"Matthews, E.G. & Doyen, J.T.","1989","A reassessment of the Australian species of <i>Menephilus</i> Mulsant (Coleoptera, Tenebrionidae) with descriptions of two new genera and a larva and pupa","39-50","","Records of the South Australian Museum (Adelaide)","","","","<!--MARK--><a href='../../../../publication/3b0f7b78-34ba-47cb-a1e1-113888ad1547' class='mouseoverHref'>Matthews, E.G. & Doyen, J.T. 1989. A reassessment of the Australian species of <i>Menephilus</i> Mulsant (Coleoptera, Tenebrionidae) with descriptions of two new genera and a larva and pupa.</a> <!--MARK--><!--MARK--><a href='../../../../publication/f7f76869-b0b8-4c0e-a1bc-1d8c43cc0f89' class='mouseoverHref'><em>Records of the South Australian Museum (Adelaide)</em></a> <strong>23</strong>: 39-50<!--MARK-->","","Article in Journal","3b0f7b78-34ba-47cb-a1e1-113888ad1547","20081009T05:11:37.000+0000","f7f76869-b0b8-4c0e-a1bc-1d8c43cc0f89"
"Matthews, E.G. & Scupola, A.","2003","Entomological investigations in Australia by the Natural History Museum of Turin: Coleoptera, Tenebrionidae","pp. 281-302","Results of the Zoological Missions to Australia of the Regional Museum of Natural Sciences of Turin, Italy. I.","","","","","<!--MARK--><a href='../../../../publication/7732f51d-784a-4a08-a4c3-db123cd684b1' class='mouseoverHref'>Matthews, E.G. & Scupola, A. 2003. Entomological investigations in Australia by the Natural History Museum of Turin: Coleoptera, Tenebrionidae. pp. 281-302</a> <!--MARK--><em>in</em> <!--MARK--><a href='../../../../publication/69aaad0f-c2ba-451a-8ed2-bf274c04c49c' class='mouseoverHref'>Daccordi, M. & Giachino, P.M. (eds). <em>Results of the Zoological Missions to Australia of the Regional Museum of Natural Sciences of Turin, Italy. I</em>. Monografie del Museo Regionale di Scienze Naturali, Torino, 35, 565 pp.</a><!--MARK-->","","Chapter in Book","7732f51d-784a-4a08-a4c3-db123cd684b1","20170323T01:15:40.500+0000","69aaad0f-c2ba-451a-8ed2-bf274c04c49c"
"Montrouzier, X.","1860","Essai sur la faune entomologique de la Nouvelle-Calédonie (Balade) et des Îles des Pins, Art, Lifu, etc","229-308","","Annales de la Société Entomologique de France","","","","<!--MARK--><a href='../../../../publication/02962312-1328-45be-9316-89664e4fb904' class='mouseoverHref'>Montrouzier, X. 1860. Essai sur la faune entomologique de la Nouvelle-Calédonie (Balade) et des Îles des Pins, Art, Lifu, etc.</a> <!--MARK--><!--MARK--><a href='../../../../publication/6462279b-2aaf-46a3-a434-cab7d8a2c33d' class='mouseoverHref'><em>Annales de la Société Entomologique de France</em></a> 3 <strong>8</strong>: 229-308<!--MARK-->","","Article in Journal","02962312-1328-45be-9316-89664e4fb904","20120604T22:48:41.945+0000","6462279b-2aaf-46a3-a434-cab7d8a2c33d"
"Motschulsky, V.","1860","Coléoptères rapportés de la Siberie orientale et notamment des pays situés sur les bords du fleuve Amour par Mm. Schrenck, Maack, Ditmar, Voznessensky, etc","","","","","","","<!--MARK--><a href='../../../../publication/ecf0a45e-84a4-4217-a1b4-33dccb36fb47' class='mouseoverHref'>Motschulsky, V. 1860. Coléoptères rapportés de la Siberie orientale et notamment des pays situés sur les bords du fleuve Amour par Mm. Schrenck, Maack, Ditmar, Voznessensky, etc. <I>In</I> Schrenck, L. <I>Reisen und Forschungen im Amur-Lande in den Jahren 1854-1856</I>. Vol. 2. St Petersburg.</a>","","Miscellaneous","ecf0a45e-84a4-4217-a1b4-33dccb36fb47","20081009T05:11:37.000+0000",""
"Motschulsky, V.","1872","Enumération des nouvelles espèces de coléoptères rapportés de ses voyages","23-55","","Bulletin de la Société Impériale des Naturalistes de Moscou","","","","<!--MARK--><a href='../../../../publication/11dd5491-f42f-4b6e-96bf-2cf94d7f7dfc' class='mouseoverHref'>Motschulsky, V. 1872. Enumération des nouvelles espèces de coléoptères rapportés de ses voyages.</a> <!--MARK--><!--MARK--><a href='../../../../publication/a7cbc93a-fdd0-40a5-9cc8-35de71b7d18a' class='mouseoverHref'><em>Bulletin de la Société Impériale des Naturalistes de Moscou</em></a> <strong>45</strong>: 23-55<!--MARK-->","","Article in Journal","11dd5491-f42f-4b6e-96bf-2cf94d7f7dfc","20081009T05:11:37.000+0000","a7cbc93a-fdd0-40a5-9cc8-35de71b7d18a"
"Oke, C.","1951","The Coleoptera of the Russell Grimwade expedition","19-25","","Memoirs of the National Museum of Victoria, Melbourne","","","","<!--MARK--><a href='../../../../publication/f85e80dd-ee5e-4482-9160-dac062e52cc4' class='mouseoverHref'>Oke, C. 1951. The Coleoptera of the Russell Grimwade expedition.</a> <!--MARK--><!--MARK--><a href='../../../../publication/6d019674-04b0-4fab-8903-0612d147ec4d' class='mouseoverHref'><em>Memoirs of the National Museum of Victoria, Melbourne</em></a> <strong>No. 17</strong>: 19-25<!--MARK-->","","Article in Journal","f85e80dd-ee5e-4482-9160-dac062e52cc4","20081009T05:11:37.000+0000","6d019674-04b0-4fab-8903-0612d147ec4d"
"Olliff, A.S.","1889","The insect fauna of Lord Howe Island","77-98","","Memoirs of the Australian Museum","","","","<!--MARK--><a href='../../../../publication/98fe66f6-f8f8-441a-a2a9-242c6155b43a' class='mouseoverHref'>Olliff, A.S. 1889. The insect fauna of Lord Howe Island.</a> <!--MARK--><!--MARK--><a href='../../../../publication/272826c2-c2bf-425b-bd6f-11ddaf2aaeaa' class='mouseoverHref'><em>Memoirs of the Australian Museum</em></a> <strong>No. 2</strong>: 77-98<!--MARK-->","","Article in Journal","98fe66f6-f8f8-441a-a2a9-242c6155b43a","20081009T05:11:37.000+0000","272826c2-c2bf-425b-bd6f-11ddaf2aaeaa"
"Pascoe, F.P.","1860","Notices of new or little-known genera and species of Coleoptera. Part II","98-132 pls v-viii","","Journal of Entomology","","Oct. 1860","","<!--MARK--><a href='../../../../publication/5e4806a1-ba3f-4240-8b1a-542242a0f2af' class='mouseoverHref'>Pascoe, F.P. 1860. Notices of new or little-known genera and species of Coleoptera. Part II.</a> <!--MARK--><!--MARK--><a href='../../../../publication/594ca738-5ec4-4752-84d7-686b8074e352' class='mouseoverHref'><em>Journal of Entomology</em></a> <strong>1</strong>: 98-132 pls v-viii<!--MARK--> [Date published Oct. 1860]","","Article in Journal","5e4806a1-ba3f-4240-8b1a-542242a0f2af","","594ca738-5ec4-4752-84d7-686b8074e352"
"Pascoe, F.P.","1862","On some new Coleoptera from Lizard Island, north-eastern Australia","461-467","","Annals and Magazine of Natural History","","Jun. 1862","","<!--MARK--><a href='../../../../publication/b67c84c3-f308-4f21-9c7e-e570f419a7c7' class='mouseoverHref'>Pascoe, F.P. 1862. On some new Coleoptera from Lizard Island, north-eastern Australia.</a> <!--MARK--><!--MARK--><a href='../../../../publication/efa8de69-3a29-4a43-8ef2-cbefda205976' class='mouseoverHref'><em>Annals and Magazine of Natural History</em></a> 3 <strong>9</strong>: 461-467<!--MARK--> [Date published Jun. 1862]","","Article in Journal","b67c84c3-f308-4f21-9c7e-e570f419a7c7","20120111T21:48:42.906+0000","efa8de69-3a29-4a43-8ef2-cbefda205976"
"Pascoe, F.P.","1863","Notices of new or little-known genera and species of Coleoptera. Part IV","26-56 pls ii-iii","","Journal of Entomology","","Jan. 1863","","<!--MARK--><a href='../../../../publication/2d295ab9-11f2-4a20-b182-445c408e9dae' class='mouseoverHref'>Pascoe, F.P. 1863. Notices of new or little-known genera and species of Coleoptera. Part IV.</a> <!--MARK--><!--MARK--><a href='../../../../publication/594ca738-5ec4-4752-84d7-686b8074e352' class='mouseoverHref'><em>Journal of Entomology</em></a> <strong>2</strong>: 26-56 pls ii-iii<!--MARK--> [Date published Jan. 1863]","","Article in Journal","2d295ab9-11f2-4a20-b182-445c408e9dae","20120111T21:43:15.308+0000","594ca738-5ec4-4752-84d7-686b8074e352"
"Pascoe, F.P.","1866","Notices of new or little known genera and species of Coleoptera. Part V","443-493, pls xviii-xix","","Journal of Entomology","","Jun. 1866","","<!--MARK--><a href='../../../../publication/6b98f5de-0e84-4494-835e-7e6335ded124' class='mouseoverHref'>Pascoe, F.P. 1866. Notices of new or little known genera and species of Coleoptera. Part V.</a> <!--MARK--><!--MARK--><a href='../../../../publication/594ca738-5ec4-4752-84d7-686b8074e352' class='mouseoverHref'><em>Journal of Entomology</em></a> <strong>2</strong>: 443-493, pls xviii-xix<!--MARK--> [Date published Jun. 1866]","","Article in Journal","6b98f5de-0e84-4494-835e-7e6335ded124","20121109T07:04:47.093+0000","594ca738-5ec4-4752-84d7-686b8074e352"
"Pascoe, F.P.","1869","Descriptions of new genera and species of Tenebrionidae from Australia and Tasmania","29-45, 132-153, 277-296, 344-351","","Annals and Magazine of Natural History","","","","<!--MARK--><a href='../../../../publication/30572a4b-612a-4bbd-956b-720ba79b4208' class='mouseoverHref'>Pascoe, F.P. 1869. Descriptions of new genera and species of Tenebrionidae from Australia and Tasmania.</a> <!--MARK--><!--MARK--><a href='../../../../publication/efa8de69-3a29-4a43-8ef2-cbefda205976' class='mouseoverHref'><em>Annals and Magazine of Natural History</em></a> 4 <strong>3</strong>: 29-45, 132-153, 277-296, 344-351<!--MARK-->","","Article in Journal","30572a4b-612a-4bbd-956b-720ba79b4208","20081009T05:11:37.000+0000","efa8de69-3a29-4a43-8ef2-cbefda205976"
"Pascoe, F.P.","1870","Additions to the Tenebrionidae of Australia &c","94-107","","Annals and Magazine of Natural History","","Feb. 1870","","<!--MARK--><a href='../../../../publication/f60cccdf-6f14-48f1-bc2a-57a15113838b' class='mouseoverHref'>Pascoe, F.P. 1870. Additions to the Tenebrionidae of Australia &c.</a> <!--MARK--><!--MARK--><a href='../../../../publication/efa8de69-3a29-4a43-8ef2-cbefda205976' class='mouseoverHref'><em>Annals and Magazine of Natural History</em></a> 4 <strong>5</strong>(26): 94-107<!--MARK--> [Date published Feb. 1870]","","Article in Journal","f60cccdf-6f14-48f1-bc2a-57a15113838b","20120111T21:32:23.169+0000","efa8de69-3a29-4a43-8ef2-cbefda205976"
"Pascoe, F.P.","1882","Notes on Coleoptera, with descriptions of new genera and species. Part IV","25-37","","Annals and Magazine of Natural History","","Jan. 1882","","<!--MARK--><a href='../../../../publication/1a4a8b10-49b7-48f6-9325-d73023698ea7' class='mouseoverHref'>Pascoe, F.P. 1882. Notes on Coleoptera, with descriptions of new genera and species. Part IV.</a> <!--MARK--><!--MARK--><a href='../../../../publication/efa8de69-3a29-4a43-8ef2-cbefda205976' class='mouseoverHref'><em>Annals and Magazine of Natural History</em></a> 5 <strong>9</strong>(49): 25-37<!--MARK--> [Date published Jan. 1882]","","Article in Journal","1a4a8b10-49b7-48f6-9325-d73023698ea7","20120111T21:27:02.837+0000","efa8de69-3a29-4a43-8ef2-cbefda205976"
"Perroud, B.-P. in Perroud, B.-P. & Montrouzier, X.","1864","Essai sur la faune entomologique de Kanala (Nouvelle Calédonie) et descriptions de quelques espèces nouvelles ou peu connues","46-257","","Annales de la Société Linnéenne de Lyon","","","","<!--MARK--><a href='../../../../publication/e79503a6-726e-486d-b6b7-ea6379ac63dd' class='mouseoverHref'>Perroud, B.-P. <i>in</i> Perroud, B.-P. & Montrouzier, X. 1864. Essai sur la faune entomologique de Kanala (Nouvelle Calédonie) et descriptions de quelques espèces nouvelles ou peu connues.</a> <!--MARK--><!--MARK--><a href='../../../../publication/a30ff03c-614a-445b-860a-0f674878d8b4' class='mouseoverHref'><em>Annales de la Société Linnéenne de Lyon</em></a> <strong>11</strong>: 46-257<!--MARK-->","","Article in Journal","e79503a6-726e-486d-b6b7-ea6379ac63dd","20130429T04:29:18.406+0000","a30ff03c-614a-445b-860a-0f674878d8b4"
"Pic, M.","1917","Descriptions abrégées diverses","2-20","","Mélanges Exotico-Entomologiques, Moulins","","","","<!--MARK--><a href='../../../../publication/35153b92-ceb7-4812-9c6b-5a9c791dd574' class='mouseoverHref'>Pic, M. 1917. Descriptions abrégées diverses.</a> <!--MARK--><!--MARK--><a href='../../../../publication/0f348a34-317a-45aa-9637-cd0e1dc5ec5f' class='mouseoverHref'><em>Mélanges Exotico-Entomologiques, Moulins</em></a> <strong>23</strong>: 2-20<!--MARK-->","","Article in Journal","35153b92-ceb7-4812-9c6b-5a9c791dd574","20081009T05:11:37.000+0000","0f348a34-317a-45aa-9637-cd0e1dc5ec5f"
"Pic, M.","1921","Diagnoses de coléoptères exotiques","10-12","","L'Échange, Revue Linnéenne","","","","<!--MARK--><a href='../../../../publication/24723978-b853-48fb-bda2-20094eec4df3' class='mouseoverHref'>Pic, M. 1921. Diagnoses de coléoptères exotiques.</a> <!--MARK--><!--MARK--><a href='../../../../publication/33cab13a-3e65-4f6b-a8c7-3771b27cd801' class='mouseoverHref'><em>L'Échange, Revue Linnéenne</em></a> <strong>37</strong>: 10-12<!--MARK-->","","Article in Journal","24723978-b853-48fb-bda2-20094eec4df3","20081009T05:11:37.000+0000","33cab13a-3e65-4f6b-a8c7-3771b27cd801"
"Pic, M.","1923","Nouveautés diverses","1-32","","Mélanges Exotico-Entomologiques, Moulins","","","","<!--MARK--><a href='../../../../publication/6ec244f8-97b4-4c1e-a4ad-0db2e8bd4a32' class='mouseoverHref'>Pic, M. 1923. Nouveautés diverses.</a> <!--MARK--><!--MARK--><a href='../../../../publication/0f348a34-317a-45aa-9637-cd0e1dc5ec5f' class='mouseoverHref'><em>Mélanges Exotico-Entomologiques, Moulins</em></a> <strong>38</strong>: 1-32<!--MARK-->","","Article in Journal","6ec244f8-97b4-4c1e-a4ad-0db2e8bd4a32","20081009T05:11:37.000+0000","0f348a34-317a-45aa-9637-cd0e1dc5ec5f"
"Pic, M.","1926","Coléoptères exotiques en partie nouveaux","15-16","","L'Échange, Revue Linnéenne","","","","<!--MARK--><a href='../../../../publication/3b4dcd1e-29a7-4e31-b321-dfd5cabb610f' class='mouseoverHref'>Pic, M. 1926. Coléoptères exotiques en partie nouveaux.</a> <!--MARK--><!--MARK--><a href='../../../../publication/33cab13a-3e65-4f6b-a8c7-3771b27cd801' class='mouseoverHref'><em>L'Échange, Revue Linnéenne</em></a> <strong>42</strong>: 15-16<!--MARK-->","","Article in Journal","3b4dcd1e-29a7-4e31-b321-dfd5cabb610f","20081009T05:11:37.000+0000","33cab13a-3e65-4f6b-a8c7-3771b27cd801"
"Reid, C.A.M., Shaw, J.J. & Jensen, A.R.","2018","The Australian Museum Lord Howe Island Expedition 2017--Coleoptera","53-67","","Technical Reports of the Australian Museum","","","","<!--MARK--><a href='../../../../publication/57fc24b4-f4c3-49c3-9a96-ccf086d850b0' class='mouseoverHref'>Reid, C.A.M., Shaw, J.J. & Jensen, A.R. 2018. The Australian Museum Lord Howe Island Expedition 2017--Coleoptera.</a> <!--MARK--><!--MARK--><a href='../../../../publication/50a546de-50b0-4f65-b1b0-0dfb061226e0' class='mouseoverHref'><em>Technical Reports of the Australian Museum</em></a> <strong>26</strong>: 53-67<!--MARK-->","","Article in Journal","57fc24b4-f4c3-49c3-9a96-ccf086d850b0","20190725T04:52:16.315+0000","50a546de-50b0-4f65-b1b0-0dfb061226e0"
"Reitter","1920","Tenebrionidae. XV Teil. Bestimmungstabelle der Unterfamilien: Belopinae, Borinae, Tenebrioninae und Coelometopinae der Tenebrionidae (Col.).  Bestimmungstabelle der Europäischen Coleopteren","1-24","","","","","Edmund Reitter's Nachfolger","<!--MARK--><a href='../../../../publication/d5ec55f9-3a54-4fd5-b027-6b9c51296daf' class='mouseoverHref'>Reitter 1920. <em>Tenebrionidae. XV Teil. Bestimmungstabelle der Unterfamilien: Belopinae, Borinae, Tenebrioninae und Coelometopinae der Tenebrionidae (Col.).  Bestimmungstabelle der Europäischen Coleopteren</em>. Paskau (Mähren) : Edmund Reitter's Nachfolger Vol. 87 pp. 1-24.</a><!--MARK-->","","Book","d5ec55f9-3a54-4fd5-b027-6b9c51296daf","20081009T05:11:37.000+0000",""
"Reitter, E.","1917","Bestimmungs-Schlüssel für die Unterfamilien und Tribus der paläarktischen Tenebrionidae","51-66","","Wiener Entomologische Zeitung","","","","<!--MARK--><a href='../../../../publication/43c820ca-c82b-4722-8867-8d934092d65b' class='mouseoverHref'>Reitter, E. 1917. Bestimmungs-Schlüssel für die Unterfamilien und Tribus der paläarktischen Tenebrionidae.</a> <!--MARK--><!--MARK--><a href='../../../../publication/9b6f9f14-04ca-437e-a5d2-714ac39f9aa0' class='mouseoverHref'><em>Wiener Entomologische Zeitung</em></a> <strong>37</strong>: 51-66<!--MARK-->","","Article in Journal","43c820ca-c82b-4722-8867-8d934092d65b","20081009T05:11:37.000+0000","9b6f9f14-04ca-437e-a5d2-714ac39f9aa0"
"Reitter E.","1922","Bestimmungstabelle der palaearktischen Helopinae (Col. Tenebrionidae). I. Teil","1-44","","Wiener Entomologische Zeitung","","","","<!--MARK--><a href='../../../../publication/ce65ce6d-2034-41fd-a17b-e336f53e6809' class='mouseoverHref'>Reitter E. 1922. Bestimmungstabelle der palaearktischen Helopinae (Col. Tenebrionidae). I. Teil.</a> <!--MARK--><!--MARK--><a href='../../../../publication/9b6f9f14-04ca-437e-a5d2-714ac39f9aa0' class='mouseoverHref'><em>Wiener Entomologische Zeitung</em></a> <strong>39</strong>: 1-44<!--MARK-->","","Article in Journal","ce65ce6d-2034-41fd-a17b-e336f53e6809","20081009T05:11:37.000+0000","9b6f9f14-04ca-437e-a5d2-714ac39f9aa0"
"Schaum, H. R.","1859","Catalogus Coleopterorum Europae. In Verbindung mit Dr. G. Kraatz und H. v. Kiesenvetter","121","","","","","Nicolaische Verlagsbuchhandlung","<!--MARK--><a href='../../../../publication/4d7b76b5-4cf9-47b1-bec8-bb3628dfceaa' class='mouseoverHref'>Schaum, H. R. 1859. <em>Catalogus Coleopterorum Europae. In Verbindung mit Dr. G. Kraatz und H. v. Kiesenvetter</em>. Berlin : Nicolaische Verlagsbuchhandlung 121 pp.</a><!--MARK-->","","Book","4d7b76b5-4cf9-47b1-bec8-bb3628dfceaa","20081009T05:11:37.000+0000",""
"Seidlitz, G. von","1896 [1894-1898]","Tenebrionidae. pp. 401-608. [1894]; 609-800 [1896];01-877 [1898].","","","","","","","<!--MARK--><a href='../../../../publication/fc3694cd-1159-4f83-92ec-ea02bb0582f4' class='mouseoverHref'>Seidlitz, G. von 1896 [1894-1898]. Tenebrionidae. pp. 401-608. [1894]; 609-800 [1896];01-877 [1898]. <I>In </I>Kiesenwetter, H. von & Seidlitz, G. von <I>Naturgeschichte der Insecten Deutschlands</I>. Band 5. Berlin : Nicolaische Verlags-Buchhandlung.</a>","","Miscellaneous","fc3694cd-1159-4f83-92ec-ea02bb0582f4","20140505T23:35:03.546+0000",""
"Spilman, T.J.","1959","Notes on <i>Edrotes</i>, <i>Leichenum</i>, <i>Palorus</i>, <i>Eupsophulus</i>, <i>Adelium</i> and <i>Strongylium</i> (Tenebrionidae)","58-64","","The Coleopterists Bulletin","","","","<!--MARK--><a href='../../../../publication/1838dfec-5b00-46b4-be28-810edd199546' class='mouseoverHref'>Spilman, T.J. 1959. Notes on <i>Edrotes</i>, <i>Leichenum</i>, <i>Palorus</i>, <i>Eupsophulus</i>, <i>Adelium</i> and <i>Strongylium</i> (Tenebrionidae).</a> <!--MARK--><!--MARK--><a href='../../../../publication/bfb4ceb5-9a22-44a0-9c17-ce86881f04b2' class='mouseoverHref'><em>The Coleopterists Bulletin</em></a> <strong>13</strong>: 58-64<!--MARK-->","","Article in Journal","1838dfec-5b00-46b4-be28-810edd199546","20170301T04:48:58.834+0000","bfb4ceb5-9a22-44a0-9c17-ce86881f04b2"
"Thomson, C.G.","1859","Skandinaviens Coleoptera synoptiskt bearbetade","394 pp.","","","","","Berlingska Boktryckeriet","<!--MARK--><a href='../../../../publication/76b5cac6-7641-4b3b-ba63-ea8ccbd08818' class='mouseoverHref'>Thomson, C.G. 1859. <em>Skandinaviens Coleoptera synoptiskt bearbetade</em>. Lund : Berlingska Boktryckeriet Tom 1 394 pp.</a><!--MARK-->","","Book","76b5cac6-7641-4b3b-ba63-ea8ccbd08818","20150512T00:23:14.287+0000",""
"Thomson, J.","1858","Voyage au Gabon. Histoire naturelle des insectes et des arachnides recueillis pendant un voyage fait au Gabon en 1856 et 1857 par Henri C. Deyrolle sous les auspices de Mm. Le Comte de Mniszech et James Thomson. Ordre Coléoptères","7-376","","Archives Entomologiques","","","","<!--MARK--><a href='../../../../publication/a1aed0a9-5695-46fd-9164-ecc938925d9a' class='mouseoverHref'>Thomson, J. 1858. Voyage au Gabon. Histoire naturelle des insectes et des arachnides recueillis pendant un voyage fait au Gabon en 1856 et 1857 par Henri C. Deyrolle sous les auspices de Mm. Le Comte de Mniszech et James Thomson. Ordre Coléoptères.</a> <!--MARK--><!--MARK--><a href='../../../../publication/b7f41cb2-2fdb-4bc8-a471-a0cb9b1fc707' class='mouseoverHref'><em>Archives Entomologiques</em></a> <strong>2</strong>: 7-376<!--MARK-->","","Article in Journal","a1aed0a9-5695-46fd-9164-ecc938925d9a","20081009T05:11:37.000+0000","b7f41cb2-2fdb-4bc8-a471-a0cb9b1fc707"
"Waterhouse, C.O.","1884","On the coleopterous insects collected by H.O. Forbes in the Timor-Laut Islands","213-219, pl. xvi","","Proceedings of the Zoological Society of London","","","","<!--MARK--><a href='../../../../publication/647e4e58-070d-49de-8fbe-e0e0684b127c' class='mouseoverHref'>Waterhouse, C.O. 1884. On the coleopterous insects collected by H.O. Forbes in the Timor-Laut Islands.</a> <!--MARK--><!--MARK--><a href='../../../../publication/511f299d-99ec-413c-bc4c-04a380829c96' class='mouseoverHref'><em>Proceedings of the Zoological Society of London</em></a> <strong>1884</strong>: 213-219, pl. xvi<!--MARK-->","","Article in Journal","647e4e58-070d-49de-8fbe-e0e0684b127c","","511f299d-99ec-413c-bc4c-04a380829c96"
